	SW (mmHg*킠)	CO (킠/min)	SV (킠)	Vmax (킠)	Vmin (킠)	Ves (킠)	Ved (킠)	Pmax (mmHg)	Pmin (mmHg)	Pmean (mmHg)	Pdev (mmHg)	Pes (mmHg)	Ped (mmHg)	HR (bpm)	EF (%)	Ea (mmHg/킠)	PowMax (mmHg*킠/s)	dP/dt max (mmHg/s)	dP/dt min (mmHg/s)	dV/dt max (킠/s)	dV/dt min (킠/s)	P@dV/dt max (mmHg)	P@dP/dt max (mmHg)	V@dP/dt max (킠)	V@dP/dt min (킠)	PVA (mmHg*킠)	PE (mmHg*킠)	CE	Tau (ms)
1	 	 	 	 	 	 	 	 	 	 	 	 	 	 	 	 	 	 	 	 	 	 	 	 	 	 	 	 	 
2	 	 	 	 	 	 	 	 	 	 	 	 	 	 	 	 	 	 	 	 	 	 	 	 	 	 	 	 	 
3	 	 	 	 	 	 	 	 	 	 	 	 	 	 	 	 	 	 	 	 	 	 	 	 	 	 	 	 	 
4	 	 	 	 	 	 	 	 	 	 	 	 	 	 	 	 	 	 	 	 	 	 	 	 	 	 	 	 	 
5	 	 	 	 	 	 	 	 	 	 	 	 	 	 	 	 	 	 	 	 	 	 	 	 	 	 	 	 	 
6	 	 	 	 	 	 	 	 	 	 	 	 	 	 	 	 	 	 	 	 	 	 	 	 	 	 	 	 	 
7	 	 	 	 	 	 	 	 	 	 	 	 	 	 	 	 	 	 	 	 	 	 	 	 	 	 	 	 	 
8	 	 	 	 	 	 	 	 	 	 	 	 	 	 	 	 	 	 	 	 	 	 	 	 	 	 	 	 	 
9	 	 	 	 	 	 	 	 	 	 	 	 	 	 	 	 	 	 	 	 	 	 	 	 	 	 	 	 	 
10	1,913e+004	7,002e+004	207,7	448,6	240,8	244,9	444,5	109,5	0,8618	50,28	108,6	108,5	2,243	337,1	47,55	0,5224	1,246e+005	6279	-5526	3149	-5663	1,416	82,76	436,9	243,5	4,261e+004	2,348e+004	0,4489	12,73
11	1,736e+004	6,592e+004	193,4	431,5	238,1	239,9	426,5	107,6	0,3967	49,25	107,2	106,8	2,216	340,9	45,24	0,5522	1,366e+005	6156	-5540	2841	-5464	1,867	71,68	427,4	244,2	4,073e+004	2,337e+004	0,4263	12,45
12	1,862e+004	6,957e+004	204,1	443,6	239,5	241,8	425,8	105,8	0,04787	47,41	105,7	104,2	1,470	340,9	46,76	0,5108	9,183e+004	6032	-5540	3609	-5736	0,3830	77,00	436,5	242,9	4,094e+004	2,233e+004	0,4547	12,19
13	1,777e+004	6,779e+004	200,0	433,3	233,4	235,7	421,8	103,9	-0,4377	45,20	104,3	101,1	1,033	339,0	46,63	0,5053	9,842e+004	5896	-5499	3444	-5813	0,04103	74,09	428,9	236,5	3,937e+004	2,161e+004	0,4512	12,05
14	1,816e+004	7,175e+004	210,5	439,8	229,4	231,9	434,5	101,9	-0,7592	43,69	102,6	98,76	0,7250	340,9	49,38	0,4692	1,072e+005	5725	-5369	3935	-5950	-0,06156	74,13	426,2	233,6	3,932e+004	2,117e+004	0,4617	11,87
15	1,730e+004	7,431e+004	219,2	439,7	220,5	222,3	439,7	99,72	-0,9439	41,72	100,7	95,70	0,2120	339,0	53,18	0,4365	1,062e+005	5540	-5410	3632	-5137	-0,4104	70,48	412,2	225,0	3,788e+004	2,057e+004	0,4568	11,88
16	1,687e+004	7,333e+004	218,8	434,0	215,2	216,4	433,9	97,98	-1,388	39,95	99,37	93,50	0,1641	335,2	54,01	0,4274	9,935e+004	5376	-5260	4571	-5630	-0,5335	69,47	405,0	221,0	3,682e+004	1,995e+004	0,4583	11,59
17	1,548e+004	7,431e+004	220,5	427,4	206,9	208,6	427,4	96,21	-1,491	39,00	97,70	91,23	-0,06156	337,1	57,74	0,4138	9,633e+004	5232	-5157	3947	-5226	-0,6908	66,00	381,8	210,6	3,454e+004	1,906e+004	0,4483	11,52
18	1,551e+004	7,473e+004	221,7	422,4	200,7	202,2	416,6	93,96	-1,737	37,34	95,70	88,48	-0,4993	337,1	57,84	0,3991	1,110e+005	5048	-5034	4805	-5636	-0,8276	65,26	383,3	207,3	3,411e+004	1,861e+004	0,4545	11,43
19	1,432e+004	7,273e+004	217,0	414,2	197,2	200,2	414,2	91,94	-2,018	35,77	93,96	85,64	-0,6361	335,2	59,65	0,3947	1,030e+005	4822	-4822	3365	-5027	-0,8344	64,53	363,8	202,7	3,191e+004	1,759e+004	0,4487	11,38
20	1,409e+004	7,105e+004	210,8	399,2	188,4	190,1	399,0	89,64	-2,216	34,62	91,85	83,09	-0,8549	337,1	58,97	0,3942	1,125e+005	4637	-4781	3780	-5763	-1,327	62,62	357,4	195,3	3,111e+004	1,702e+004	0,4530	11,28
21	1,321e+004	7,176e+004	212,9	392,9	180,1	182,9	392,9	87,50	-2,401	33,30	89,90	80,43	-1,135	337,1	63,38	0,3778	9,514e+004	4405	-4500	3057	-5446	-1,457	63,59	335,9	186,0	2,923e+004	1,602e+004	0,4520	11,43
22	1,314e+004	7,044e+004	209,0	373,8	164,8	167,4	373,1	84,82	-2,661	31,77	87,48	78,09	-1,361	337,1	63,33	0,3737	9,917e+004	4165	-4152	2795	-5606	12,60	59,55	330,0	172,8	2,840e+004	1,526e+004	0,4628	11,46
23	1,105e+004	6,935e+004	206,9	358,8	151,9	156,4	358,8	82,16	-2,572	30,26	84,73	76,20	-1,621	335,2	70,33	0,3683	9,308e+004	3899	-3803	3592	-4806	1,587	53,87	294,2	158,6	2,535e+004	1,430e+004	0,4360	11,81
24	1,034e+004	6,844e+004	204,2	344,8	140,6	142,5	344,8	80,18	-2,852	29,29	83,03	74,53	-1,573	335,2	73,24	0,3650	1,088e+005	3775	-3803	2992	-4943	7,031	56,22	278,8	152,8	2,443e+004	1,409e+004	0,4234	11,55
25	9196	6,586e+004	196,5	330,8	134,3	138,1	330,8	77,81	-2,832	28,08	80,64	72,65	-1,963	335,2	74,36	0,3697	9,957e+004	3577	-3577	3320	-4618	4,911	52,36	264,2	144,5	2,265e+004	1,346e+004	0,4059	11,39
26	8017	6,348e+004	191,5	323,9	132,4	135,7	323,9	74,95	-2,934	26,35	77,88	70,63	-2,100	331,5	77,24	0,3688	8,495e+004	3297	-3242	3200	-4468	2,907	48,44	247,9	142,2	2,090e+004	1,288e+004	0,3837	11,73
27	7802	6,417e+004	191,4	316,9	125,4	129,5	311,9	73,11	-2,961	25,94	76,07	68,52	-1,908	335,2	75,64	0,3579	1,046e+005	3208	-3228	3325	-4419	18,36	43,62	253,1	137,4	2,037e+004	1,257e+004	0,3830	11,43
28	7372	6,393e+004	190,7	316,2	125,4	131,2	316,2	70,93	-3,003	24,98	73,93	66,54	-2,100	335,2	79,85	0,3489	9,348e+004	3050	-3064	3548	-4405	2,818	46,85	238,8	136,8	1,944e+004	1,207e+004	0,3792	11,43
29	6668	6,335e+004	189,0	311,8	122,8	127,6	311,8	68,71	-2,920	23,98	71,63	64,93	-2,175	335,2	81,79	0,3436	9,114e+004	2886	-2914	3191	-4879	19,69	43,29	231,1	135,0	1,848e+004	1,181e+004	0,3609	11,28

	SW (mmHg*킠)	CO (킠/min)	SV (킠)	Vmax (킠)	Vmin (킠)	Ves (킠)	Ved (킠)	Pmax (mmHg)	Pmin (mmHg)	Pmean (mmHg)	Pdev (mmHg)	Pes (mmHg)	Ped (mmHg)	HR (bpm)	EF (%)	Ea (mmHg/킠)	PowMax (mmHg*킠/s)	dP/dt max (mmHg/s)	dP/dt min (mmHg/s)	dV/dt max (킠/s)	dV/dt min (킠/s)	P@dV/dt max (mmHg)	P@dP/dt max (mmHg)	V@dP/dt max (킠)	V@dP/dt min (킠)	PVA (mmHg*킠)	PE (mmHg*킠)	CE	Tau (ms)
Avg	1,357e+004	6,931e+004	205,8	390,2	184,4	187,3	387,4	89,91	-1,741	35,91	91,65	85,47	-0,4962	336,8	61,81	0,4150	1,028e+005	4650	-4511	3505	-5232	3,373	62,29	346,7	191,4	3,093e+004	1,736e+004	0,4325	11,69
Min	6668	6,335e+004	189,0	311,8	122,8	127,6	311,8	68,71	-3,003	23,98	71,63	64,93	-2,175	331,5	45,24	0,3436	8,495e+004	2886	-5540	2795	-5950	-1,457	43,29	231,1	135,0	1,848e+004	1,181e+004	0,3609	11,28
Max	1,913e+004	7,473e+004	221,7	448,6	240,8	244,9	444,5	109,5	0,8618	50,28	108,6	108,5	2,243	340,9	81,79	0,5522	1,366e+005	6279	-2914	4805	-4405	19,69	82,76	436,9	244,2	4,261e+004	2,348e+004	0,4628	12,73
Count	20	20	20	20	20	20	20	20	20	20	20	20	20	20	20	20	20	20	20	20	20	20	20	20	20	20	20	20	20
