	SW (mmHg*킠)	CO (킠/min)	SV (킠)	Vmax (킠)	Vmin (킠)	Ves (킠)	Ved (킠)	Pmax (mmHg)	Pmin (mmHg)	Pmean (mmHg)	Pdev (mmHg)	Pes (mmHg)	Ped (mmHg)	HR (bpm)	EF (%)	Ea (mmHg/킠)	PowMax (mmHg*킠/s)	dP/dt max (mmHg/s)	dP/dt min (mmHg/s)	dV/dt max (킠/s)	dV/dt min (킠/s)	P@dV/dt max (mmHg)	P@dP/dt max (mmHg)	V@dP/dt max (킠)	V@dP/dt min (킠)	Tau (ms)
1	3,710e+004	1,091e+005	305,6	484,5	178,8	187,5	411,7	154,3	5,076	77,54	149,3	147,6	8,578	357,1	66,41	0,4830	5,684e+005	1,115e+004	-9467	6507	-7281	5,390	102,9	460,2	179,0	12,11
2	4,293e+004	1,243e+005	345,9	507,1	161,2	173,3	437,5	154,6	7,572	78,90	147,0	145,2	7,572	359,3	71,15	0,4197	5,308e+005	1,098e+004	-9262	8074	-7391	8,530	108,4	486,1	162,5	12,73
3	3,894e+004	1,194e+005	332,4	475,9	143,5	146,8	402,3	157,3	7,996	81,61	149,3	150,5	10,51	359,3	74,65	0,4527	6,578e+005	1,133e+004	-9187	7771	-8595	8,592	104,2	445,3	144,6	13,28
4	3,735e+004	1,090e+005	303,3	471,8	168,5	174,3	425,0	157,3	6,403	80,73	150,9	151,3	10,31	359,3	66,47	0,4991	3,948e+005	1,150e+004	-8927	7829	-8135	6,601	110,2	456,2	170,1	13,29
5	4,025e+004	1,173e+005	328,4	504,5	176,1	186,2	456,3	155,8	5,377	78,48	150,5	148,4	8,167	357,1	68,72	0,4520	6,211e+005	1,126e+004	-9310	6764	-7867	5,712	107,1	477,9	176,1	12,30
6	3,890e+004	1,179e+005	330,1	482,8	152,7	160,0	414,6	153,3	6,929	76,66	146,3	145,2	7,504	357,1	73,73	0,4399	7,171e+005	1,087e+004	-9707	6648	-7175	7,367	100,0	447,7	152,7	12,16
7	 	 	 	 	 	 	 	 	 	 	 	 	 	 	 	 	 	 	 	 	 	 	 	 	 	 
8	 	 	 	 	 	 	 	 	 	 	 	 	 	 	 	 	 	 	 	 	 	 	 	 	 	 
9	3,964e+004	1,181e+005	330,8	481,7	150,9	158,6	426,5	152,8	5,896	76,11	146,9	144,6	7,695	357,1	73,07	0,4370	5,861e+005	1,100e+004	-9679	7045	-8365	6,026	101,3	452,7	150,9	12,02
10	3,746e+004	1,156e+005	321,8	467,5	145,7	151,0	400,8	150,9	5,773	75,03	145,2	145,0	7,771	359,3	73,47	0,4506	6,285e+005	1,077e+004	-9734	6655	-7789	6,197	101,7	438,0	146,5	11,86
11	3,966e+004	1,197e+005	335,2	474,2	139,0	143,6	399,7	151,1	6,382	75,09	144,7	146,3	7,723	357,1	75,08	0,4365	5,922e+005	1,087e+004	-9659	6660	-7718	6,710	97,33	446,4	139,9	11,99
12	 	 	 	 	 	 	 	 	 	 	 	 	 	 	 	 	 	 	 	 	 	 	 	 	 	 
13	 	 	 	 	 	 	 	 	 	 	 	 	 	 	 	 	 	 	 	 	 	 	 	 	 	 
14	4,014e+004	1,217e+005	340,7	495,8	155,1	161,6	421,1	151,7	5,110	75,20	146,6	144,9	7,894	357,1	73,06	0,4253	6,512e+005	1,088e+004	-9440	6426	-7713	5,336	100,3	466,4	155,6	11,95
15	3,870e+004	1,168e+005	327,1	477,2	150,1	157,7	407,8	150,3	5,212	74,04	145,1	143,7	7,429	357,1	72,84	0,4393	6,227e+005	1,071e+004	-9672	6600	-7787	5,979	106,7	449,1	150,1	11,68
16	4,028e+004	1,217e+005	340,8	471,3	130,5	137,8	405,4	150,7	7,552	75,41	143,1	144,4	7,552	357,1	77,64	0,4237	6,200e+005	1,077e+004	-9624	7668	-7836	7,764	99,58	439,0	130,6	12,33
17	 	 	 	 	 	 	 	 	 	 	 	 	 	 	 	 	 	 	 	 	 	 	 	 	 	 
18	 	 	 	 	 	 	 	 	 	 	 	 	 	 	 	 	 	 	 	 	 	 	 	 	 	 
19	4,015e+004	1,186e+005	334,1	494,8	160,6	173,6	430,6	152,6	5,370	75,62	147,2	144,2	7,463	355,0	71,82	0,4315	6,432e+005	1,094e+004	-9624	7056	-7704	5,910	104,9	465,2	161,6	11,95
20	3,805e+004	1,148e+005	321,5	467,0	145,6	151,4	407,8	151,2	5,910	75,00	145,3	142,8	7,730	357,1	73,03	0,4444	5,911e+005	1,069e+004	-9727	7207	-7991	6,409	107,8	440,2	145,6	11,86
21	 	 	 	 	 	 	 	 	 	 	 	 	 	 	 	 	 	 	 	 	 	 	 	 	 	 
22	 	 	 	 	 	 	 	 	 	 	 	 	 	 	 	 	 	 	 	 	 	 	 	 	 	 
23	3,988e+004	1,197e+005	337,2	501,9	164,7	173,5	435,2	152,8	5,212	75,88	147,6	144,4	7,887	355,0	71,89	0,4282	6,604e+005	1,103e+004	-9481	6951	-8054	5,671	105,8	469,0	164,9	12,06
24	3,740e+004	1,152e+005	324,5	483,9	159,4	170,9	407,1	150,6	4,768	74,11	145,9	142,1	7,333	355,0	72,98	0,4379	7,455e+005	1,068e+004	-9604	6993	-7755	4,822	100,6	444,7	160,1	11,62
25	3,800e+004	1,144e+005	324,2	494,0	169,7	182,5	414,4	150,1	4,309	73,38	145,8	142,4	6,881	352,9	70,72	0,4391	6,710e+005	1,073e+004	-9754	6606	-7933	4,563	98,64	458,5	172,0	11,45
26	4,241e+004	1,287e+005	360,5	509,9	149,4	161,1	432,1	151,4	7,176	76,57	144,2	141,6	7,176	357,1	75,70	0,3927	7,055e+005	1,080e+004	-9392	7449	-7686	8,318	106,9	476,2	151,3	12,46
27	 	 	 	 	 	 	 	 	 	 	 	 	 	 	 	 	 	 	 	 	 	 	 	 	 	 
28	3,493e+004	1,073e+005	300,3	511,5	211,2	218,0	430,6	155,0	4,781	78,73	150,2	150,0	9,700	357,1	62,02	0,4993	5,908e+005	1,140e+004	-8920	4725	-6898	5,219	106,5	484,3	211,7	12,85
29	3,692e+004	1,059e+005	300,1	511,3	211,2	224,8	447,7	153,7	3,796	76,21	149,9	149,4	6,916	352,9	61,82	0,4977	6,181e+005	1,097e+004	-9296	5647	-7081	4,501	104,0	485,4	213,1	11,60
30	4,284e+004	1,294e+005	364,5	522,3	157,8	181,6	451,9	153,1	6,560	77,37	146,5	142,0	6,560	355,0	75,97	0,3896	7,699e+005	1,076e+004	-9618	8265	-8000	8,448	95,86	479,8	166,2	12,66
31	3,807e+004	1,151e+005	320,3	460,6	140,4	144,2	392,7	156,6	8,133	81,21	148,5	152,1	10,87	359,3	72,61	0,4750	5,606e+005	1,118e+004	-9159	8263	-8198	8,325	111,4	441,1	143,0	13,04
32	3,635e+004	1,151e+005	324,2	547,4	223,2	228,0	436,3	155,4	4,337	78,23	151,0	151,3	8,756	355,0	63,08	0,4666	7,260e+005	1,133e+004	-8763	6056	-8621	108,7	108,7	514,0	226,0	12,76
33	3,891e+004	1,131e+005	318,5	526,7	208,3	230,7	461,0	154,8	5,890	78,06	148,9	149,2	6,416	355,0	63,59	0,4685	5,883e+005	1,097e+004	-9303	6206	-7140	7,128	105,8	500,8	213,1	11,86
34	3,892e+004	1,169e+005	325,3	463,8	138,5	141,9	409,7	156,7	8,154	80,70	148,5	150,2	10,01	359,3	74,98	0,4617	6,215e+005	1,103e+004	-9365	8756	-8342	8,270	108,9	433,8	139,0	12,97
35	3,679e+004	1,114e+005	310,1	489,4	179,2	184,8	419,9	156,9	4,864	80,04	152,0	149,6	10,23	359,3	66,30	0,4825	5,353e+005	1,139e+004	-9029	6533	-7922	4,898	108,0	467,8	180,1	12,82
36	3,783e+004	1,110e+005	314,4	537,9	223,6	233,0	454,3	154,9	3,694	76,56	151,2	150,7	6,259	352,9	62,41	0,4793	7,199e+005	1,095e+004	-9371	6042	-8554	99,82	99,82	503,7	223,6	11,77
37	4,150e+004	1,266e+005	354,4	523,7	169,3	212,5	459,5	155,2	6,156	78,89	149,0	146,7	6,156	357,1	72,94	0,4140	6,601e+005	1,086e+004	-9542	8279	-7774	8,612	97,99	485,9	192,1	12,82
38	3,889e+004	1,177e+005	327,6	474,6	147,0	151,0	396,2	158,6	8,284	82,20	150,3	151,3	10,83	359,3	73,47	0,4617	6,467e+005	1,118e+004	-9241	9147	-8055	8,489	108,6	446,0	147,9	13,03
39	3,561e+004	1,141e+005	319,4	542,7	223,3	228,8	441,3	158,5	4,665	80,68	153,8	154,2	9,905	357,1	62,41	0,4829	8,353e+005	1,144e+004	-8776	7098	-8214	102,4	113,9	511,8	226,7	13,00
40	3,806e+004	1,086e+005	304,2	530,3	226,1	240,2	460,7	157,5	4,515	79,67	153,0	153,4	6,471	357,1	60,17	0,5044	5,996e+005	1,099e+004	-9289	5598	-7752	4,987	108,8	505,5	229,7	11,96
41	4,386e+004	1,191e+005	331,6	481,9	150,4	157,1	449,7	160,3	7,976	82,59	152,3	150,7	7,976	359,3	71,09	0,4544	3,900e+005	1,116e+004	-9440	9292	-7995	8,605	107,9	466,4	150,4	12,99
42	4,174e+004	1,207e+005	333,9	502,1	168,3	172,8	444,1	161,7	6,649	83,93	155,1	153,3	10,38	361,4	69,35	0,4592	5,243e+005	1,150e+004	-8715	8682	-7600	6,895	111,2	481,4	169,5	13,49
43	 	 	 	 	 	 	 	 	 	 	 	 	 	 	 	 	 	 	 	 	 	 	 	 	 	 
44	3,409e+004	9,624e+004	269,5	488,8	219,3	227,0	434,7	159,1	5,329	80,03	153,8	154,2	7,340	357,1	57,69	0,5723	5,522e+005	1,103e+004	-9474	4813	-5920	6,129	105,0	467,1	219,4	12,15
45	3,972e+004	1,120e+005	309,8	456,0	146,3	153,4	416,3	160,9	8,243	82,81	152,6	152,6	8,571	361,4	71,36	0,4927	4,437e+005	1,113e+004	-9467	9704	-7187	8,544	106,2	434,1	146,3	13,06
46	3,499e+004	1,030e+005	286,6	490,0	203,4	208,3	425,2	160,6	4,864	81,98	155,7	156,1	10,02	359,3	60,29	0,5446	4,993e+005	1,144e+004	-8934	4704	-6350	5,226	115,1	475,5	205,4	12,67
47	3,560e+004	9,948e+004	276,9	502,6	225,7	236,0	443,5	160,1	4,268	80,96	155,8	154,4	6,799	359,3	57,14	0,5575	4,975e+005	1,120e+004	-9317	5794	-6806	4,829	106,3	484,6	226,2	11,96
48	4,389e+004	1,214e+005	337,9	493,1	155,2	165,2	454,2	162,1	6,642	83,14	155,4	153,8	6,642	359,3	72,66	0,4551	5,060e+005	1,113e+004	-9358	9951	-7660	8,722	99,27	465,0	155,3	13,17
49	4,084e+004	1,162e+005	321,5	492,4	170,9	176,7	436,8	164,3	8,448	86,22	155,8	155,6	10,47	361,4	68,17	0,4840	5,274e+005	1,164e+004	-8783	8482	-7028	8,975	109,2	471,6	171,5	13,82
50	 	 	 	 	 	 	 	 	 	 	 	 	 	 	 	 	 	 	 	 	 	 	 	 	 	 

	SW (mmHg*킠)	CO (킠/min)	SV (킠)	Vmax (킠)	Vmin (킠)	Ves (킠)	Ved (킠)	Pmax (mmHg)	Pmin (mmHg)	Pmean (mmHg)	Pdev (mmHg)	Pes (mmHg)	Ped (mmHg)	HR (bpm)	EF (%)	Ea (mmHg/킠)	PowMax (mmHg*킠/s)	dP/dt max (mmHg/s)	dP/dt min (mmHg/s)	dV/dt max (킠/s)	dV/dt min (킠/s)	P@dV/dt max (mmHg)	P@dP/dt max (mmHg)	V@dP/dt max (킠)	V@dP/dt min (킠)	Tau (ms)
Avg	3,891e+004	1,154e+005	323,0	494,7	171,8	181,2	428,3	155,5	6,007	78,60	149,5	148,6	8,217	357,5	69,28	0,4624	6,056e+005	1,107e+004	-9344	7153	-7689	14,20	105,2	467,3	173,6	12,45
Min	3,409e+004	9,624e+004	269,5	456,0	130,5	137,8	392,7	150,1	3,694	73,38	143,1	141,6	6,156	352,9	57,14	0,3896	3,900e+005	1,068e+004	-9754	4704	-8621	4,501	95,86	433,8	130,6	11,45
Max	4,389e+004	1,294e+005	364,5	547,4	226,1	240,2	461,0	164,3	8,448	86,22	155,8	156,1	10,87	361,4	77,64	0,5723	8,353e+005	1,164e+004	-8715	9951	-5920	108,7	115,1	514,0	229,7	13,82
Count	39	39	39	39	39	39	39	39	39	39	39	39	39	39	39	39	39	39	39	39	39	39	39	39	39	39
