	SW (mmHg*킠)	CO (킠/min)	SV (킠)	Vmax (킠)	Vmin (킠)	Ves (킠)	Ved (킠)	Pmax (mmHg)	Pmin (mmHg)	Pmean (mmHg)	Pdev (mmHg)	Pes (mmHg)	Ped (mmHg)	HR (bpm)	EF (%)	Ea (mmHg/킠)	PowMax (mmHg*킠/s)	dP/dt max (mmHg/s)	dP/dt min (mmHg/s)	dV/dt max (킠/s)	dV/dt min (킠/s)	P@dV/dt max (mmHg)	P@dP/dt max (mmHg)	V@dP/dt max (킠)	V@dP/dt min (킠)	Tau (ms)
1	5,224e+004	1,410e+005	373,6	626,8	253,2	269,9	455,9	192,6	12,67	114,3	179,9	182,4	12,70	377,4	65,66	0,4881	1,102e+006	1,291e+004	-7942	1,671e+004	-9209	12,81	129,3	569,1	254,6	16,07
2	4,785e+004	1,298e+005	348,4	639,5	291,1	300,8	459,6	192,3	11,01	112,6	181,3	184,2	12,76	372,7	59,50	0,5288	1,036e+006	1,306e+004	-7572	1,588e+004	-8561	12,76	125,4	585,5	292,9	16,16
3	5,793e+004	1,598e+005	428,7	686,4	257,7	292,8	518,0	191,5	11,12	111,7	180,4	181,9	11,12	372,7	69,29	0,4243	1,205e+006	1,301e+004	-8229	1,456e+004	-8876	12,87	121,0	618,8	277,6	15,89
4	5,326e+004	1,526e+005	396,9	642,5	245,7	264,8	477,4	192,9	11,15	116,0	181,8	182,3	14,29	384,6	69,49	0,4593	1,255e+006	1,289e+004	-7990	1,705e+004	-9617	11,23	115,6	571,1	254,3	15,93
5	4,837e+004	1,405e+005	376,9	658,7	281,8	290,3	469,0	192,9	11,32	113,0	181,6	183,1	11,32	372,7	64,29	0,4857	1,345e+006	1,313e+004	-7531	1,608e+004	-1,166e+004	11,81	125,5	586,3	284,0	16,35
6	5,534e+004	1,535e+005	414,4	685,7	271,3	289,3	507,0	191,9	11,64	111,5	180,2	180,7	11,64	370,4	68,75	0,4361	1,383e+006	1,299e+004	-8010	1,705e+004	-9751	12,43	117,9	602,8	274,3	15,92
7	5,413e+004	1,477e+005	384,1	638,7	254,5	267,6	527,8	193,3	11,92	116,8	181,4	182,1	14,31	384,6	66,96	0,4742	1,164e+006	1,302e+004	-7860	1,659e+004	-9152	11,92	122,9	573,6	254,6	16,21
8	4,818e+004	1,284e+005	344,6	637,0	292,4	304,1	462,0	192,8	11,08	112,8	181,7	185,1	12,00	372,7	58,54	0,5371	8,855e+005	1,306e+004	-7559	1,634e+004	-7919	11,37	119,6	588,7	293,1	16,32
9	6,113e+004	1,653e+005	443,4	701,2	257,8	293,2	533,0	191,9	11,29	112,4	180,7	181,9	11,29	372,7	70,22	0,4103	1,179e+006	1,297e+004	-8024	1,623e+004	-9042	13,23	125,9	631,5	273,2	16,17
10	5,490e+004	1,495e+005	391,2	641,8	250,6	271,6	499,9	193,1	11,85	116,3	181,2	181,9	14,75	382,2	66,83	0,4650	1,067e+006	1,294e+004	-7819	1,660e+004	-9356	12,00	126,1	585,3	256,0	16,07
11	4,833e+004	1,359e+005	362,5	654,0	291,5	299,5	475,2	192,6	10,61	113,2	182,0	184,5	12,05	375,0	60,85	0,5091	1,049e+006	1,317e+004	-7702	1,570e+004	-9836	10,81	125,0	595,7	295,8	16,10
12	6,248e+004	1,759e+005	466,0	708,4	242,3	278,7	533,4	191,5	10,68	113,4	180,8	181,7	10,68	377,4	74,68	0,3900	1,397e+006	1,296e+004	-8003	1,607e+004	-1,084e+004	13,33	115,0	624,1	262,5	16,07
13	5,371e+004	1,505e+005	401,4	651,1	249,7	270,5	464,7	193,1	12,12	114,5	180,9	183,2	13,30	375,0	69,18	0,4563	1,277e+006	1,293e+004	-7805	1,734e+004	-1,084e+004	12,50	118,3	580,2	258,1	16,16
14	5,057e+004	1,408e+005	375,6	653,5	277,9	285,6	496,1	192,3	10,78	113,1	181,5	183,7	12,45	375,0	63,72	0,4891	1,194e+006	1,304e+004	-7593	1,755e+004	-1,096e+004	11,10	128,5	589,4	279,9	16,12
15	5,863e+004	1,639e+005	431,6	681,6	249,9	268,0	535,5	192,0	11,03	114,1	181,0	180,2	11,03	379,7	71,81	0,4174	1,465e+006	1,304e+004	-7962	1,602e+004	-1,133e+004	12,95	122,6	601,1	257,7	16,08
16	5,017e+004	1,422e+005	379,1	635,5	256,4	266,6	456,0	192,5	11,03	113,1	181,5	181,6	12,94	375,0	67,51	0,4790	1,298e+006	1,295e+004	-7894	1,778e+004	-1,071e+004	11,23	127,6	561,7	256,4	15,73
17	5,042e+004	1,379e+005	372,3	655,8	283,5	295,4	499,5	191,5	11,21	110,9	180,3	181,8	11,21	370,4	62,88	0,4883	1,079e+006	1,304e+004	-8085	1,694e+004	-9370	11,31	125,8	592,0	283,9	15,85
18	5,826e+004	1,625e+005	422,4	666,7	244,3	263,1	538,9	191,6	12,72	114,9	178,9	180,9	12,72	384,6	71,60	0,4283	1,220e+006	1,293e+004	-8126	1,804e+004	-1,077e+004	12,93	116,7	589,9	246,1	15,84
19	5,183e+004	1,375e+005	368,9	632,4	263,5	276,6	458,7	192,8	11,43	113,6	181,4	182,2	13,11	372,7	64,32	0,4939	1,024e+006	1,291e+004	-7784	1,746e+004	-9721	11,83	118,6	573,5	263,5	16,03
20	5,092e+004	1,401e+005	371,2	650,9	279,8	290,6	491,5	191,8	11,29	112,9	180,5	181,7	11,51	377,4	63,36	0,4895	1,118e+006	1,303e+004	-7873	1,665e+004	-9123	11,37	126,2	585,7	279,9	16,07
21	5,792e+004	1,500e+005	397,6	644,6	247,0	265,6	501,6	191,9	11,38	113,6	180,5	181,5	11,38	377,4	67,72	0,4566	9,972e+005	1,295e+004	-8085	1,655e+004	-1,014e+004	12,98	115,7	587,1	249,6	15,97
22	4,935e+004	1,287e+005	345,4	614,0	268,6	282,3	446,1	191,2	11,42	112,2	179,8	182,6	12,89	372,7	60,55	0,5286	8,739e+005	1,296e+004	-7757	1,566e+004	-8888	12,89	121,5	570,4	268,6	15,99
23	5,365e+004	1,506e+005	396,5	660,1	263,6	276,2	487,2	190,2	11,07	112,5	179,2	180,7	11,57	379,7	67,13	0,4557	1,316e+006	1,297e+004	-8202	1,507e+004	-1,094e+004	11,10	128,1	590,6	263,7	15,42

	SW (mmHg*킠)	CO (킠/min)	SV (킠)	Vmax (킠)	Vmin (킠)	Ves (킠)	Ved (킠)	Pmax (mmHg)	Pmin (mmHg)	Pmean (mmHg)	Pdev (mmHg)	Pes (mmHg)	Ped (mmHg)	HR (bpm)	EF (%)	Ea (mmHg/킠)	PowMax (mmHg*킠/s)	dP/dt max (mmHg/s)	dP/dt min (mmHg/s)	dV/dt max (킠/s)	dV/dt min (킠/s)	P@dV/dt max (mmHg)	P@dP/dt max (mmHg)	V@dP/dt max (킠)	V@dP/dt min (킠)	Tau (ms)
Avg	5,346e+004	1,472e+005	391,0	655,1	264,1	281,0	491,0	192,2	11,38	113,4	180,8	182,3	12,31	376,3	66,30	0,4692	1,171e+006	1,299e+004	-7887	1,652e+004	-9853	12,12	122,6	589,3	268,7	16,02
Min	4,785e+004	1,284e+005	344,6	614,0	242,3	263,1	446,1	190,2	10,61	110,9	178,9	180,2	10,68	370,4	58,54	0,3900	8,739e+005	1,289e+004	-8229	1,456e+004	-1,166e+004	10,81	115,0	561,7	246,1	15,42
Max	6,248e+004	1,759e+005	466,0	708,4	292,4	304,1	538,9	193,3	12,72	116,8	182,0	185,1	14,75	384,6	74,68	0,5371	1,465e+006	1,317e+004	-7531	1,804e+004	-7919	13,33	129,3	631,5	295,8	16,35
Count	23	23	23	23	23	23	23	23	23	23	23	23	23	23	23	23	23	23	23	23	23	23	23	23	23	23
