	SW (mmHg*킠)	CO (킠/min)	SV (킠)	Vmax (킠)	Vmin (킠)	Ves (킠)	Ved (킠)	Pmax (mmHg)	Pmin (mmHg)	Pmean (mmHg)	Pdev (mmHg)	Pes (mmHg)	Ped (mmHg)	HR (bpm)	EF (%)	Ea (mmHg/킠)	PowMax (mmHg*킠/s)	dP/dt max (mmHg/s)	dP/dt min (mmHg/s)	dV/dt max (킠/s)	dV/dt min (킠/s)	P@dV/dt max (mmHg)	P@dP/dt max (mmHg)	V@dP/dt max (킠)	V@dP/dt min (킠)	PVA (mmHg*킠)	PE (mmHg*킠)	CE	Tau (ms)
1	 	 	 	 	 	 	 	 	 	 	 	 	 	 	 	 	 	 	 	 	 	 	 	 	 	 	 	 	 
2	 	 	 	 	 	 	 	 	 	 	 	 	 	 	 	 	 	 	 	 	 	 	 	 	 	 	 	 	 
3	2,982e+004	1,006e+005	289,9	504,7	214,7	218,2	456,5	125,1	7,106	68,31	118,0	123,1	8,577	346,8	57,92	0,4247	1,568e+005	6846	-5362	8571	-7382	7,968	90,46	500,6	217,6	4,321e+004	1,339e+004	0,6901	15,55
4	2,747e+004	9,366e+004	268,5	461,8	193,3	194,5	437,6	125,3	7,359	69,12	117,9	124,5	11,28	348,8	58,16	0,4637	1,051e+005	6744	-5143	9863	-6567	9,514	92,96	461,7	196,2	3,912e+004	1,165e+004	0,7021	15,98
5	 	 	 	 	 	 	 	 	 	 	 	 	 	 	 	 	 	 	 	 	 	 	 	 	 	 	 	 	 
6	2,942e+004	9,565e+004	277,4	503,3	225,9	229,1	466,0	125,0	6,983	67,58	118,0	122,5	8,002	344,8	55,25	0,4415	8,778e+004	6839	-5232	9195	-6004	8,385	84,44	502,0	228,2	4,391e+004	1,449e+004	0,6699	15,70
7	2,766e+004	9,506e+004	270,9	467,6	196,7	197,7	453,7	125,2	7,250	69,37	118,0	124,5	11,41	350,9	58,06	0,4595	1,040e+005	6737	-5198	9718	-7511	9,514	84,22	466,6	201,4	3,987e+004	1,221e+004	0,6937	15,87
8	 	 	 	 	 	 	 	 	 	 	 	 	 	 	 	 	 	 	 	 	 	 	 	 	 	 	 	 	 
9	 	 	 	 	 	 	 	 	 	 	 	 	 	 	 	 	 	 	 	 	 	 	 	 	 	 	 	 	 
10	2,709e+004	9,344e+004	266,3	466,7	200,4	201,6	452,7	124,8	7,031	68,84	117,8	123,8	10,90	350,9	57,43	0,4650	9,763e+004	6730	-5191	9336	-5995	9,575	84,86	463,7	204,9	3,965e+004	1,256e+004	0,6833	15,91
11	 	 	 	 	 	 	 	 	 	 	 	 	 	 	 	 	 	 	 	 	 	 	 	 	 	 	 	 	 
12	3,092e+004	1,027e+005	294,3	502,7	208,4	210,3	463,5	124,5	6,443	67,74	118,1	122,4	7,872	348,8	58,66	0,4160	9,048e+004	6846	-5328	9507	-6935	8,276	85,81	501,7	210,9	4,337e+004	1,244e+004	0,7131	15,47
13	2,593e+004	8,976e+004	257,3	450,1	192,8	194,6	446,8	124,6	6,812	68,32	117,8	122,7	10,44	348,8	58,04	0,4769	8,211e+004	6757	-5171	8157	-6360	9,021	91,14	443,3	195,5	3,745e+004	1,152e+004	0,6923	15,86
14	 	 	 	 	 	 	 	 	 	 	 	 	 	 	 	 	 	 	 	 	 	 	 	 	 	 	 	 	 
15	 	 	 	 	 	 	 	 	 	 	 	 	 	 	 	 	 	 	 	 	 	 	 	 	 	 	 	 	 
16	3,035e+004	1,023e+005	293,3	497,3	204,0	206,3	488,4	124,1	6,238	67,32	117,8	122,7	8,132	348,8	59,45	0,4185	1,171e+005	6819	-5273	9889	-6757	7,346	88,86	493,3	207,3	4,279e+004	1,244e+004	0,7092	15,55
17	2,754e+004	9,349e+004	268,0	468,7	200,7	202,0	448,1	124,1	6,388	67,72	117,7	122,9	10,31	348,8	57,36	0,4586	9,485e+004	6757	-5089	9982	-6881	8,536	88,04	467,2	203,3	3,957e+004	1,203e+004	0,6960	15,82
18	2,724e+004	9,402e+004	269,5	492,3	222,8	225,3	458,7	123,2	6,231	67,04	117,0	122,0	9,274	348,8	54,74	0,4525	1,041e+005	6730	-5198	9066	-6009	7,564	89,00	492,3	226,5	4,178e+004	1,454e+004	0,6520	15,64
19	2,605e+004	9,484e+004	270,3	482,9	212,6	212,9	458,2	123,0	4,076	66,71	118,9	122,4	10,12	350,9	56,39	0,4527	1,759e+005	6764	-5205	8586	-7884	5,054	92,81	479,3	225,2	4,084e+004	1,480e+004	0,6377	15,04
20	 	 	 	 	 	 	 	 	 	 	 	 	 	 	 	 	 	 	 	 	 	 	 	 	 	 	 	 	 
21	3,131e+004	1,067e+005	305,9	501,4	195,4	198,6	479,4	124,1	6,169	67,80	118,0	122,0	10,12	348,8	61,89	0,3988	8,888e+004	6846	-5403	8883	-6969	7,893	90,58	494,3	198,1	4,274e+004	1,143e+004	0,7326	15,25
22	 	 	 	 	 	 	 	 	 	 	 	 	 	 	 	 	 	 	 	 	 	 	 	 	 	 	 	 	 
23	 	 	 	 	 	 	 	 	 	 	 	 	 	 	 	 	 	 	 	 	 	 	 	 	 	 	 	 	 
24	3,095e+004	1,059e+005	303,5	504,8	201,3	204,5	466,1	123,8	6,108	67,30	117,7	122,6	9,097	348,8	60,42	0,4038	1,233e+005	6812	-5219	1,006e+004	-7813	7,578	89,13	502,4	203,0	4,282e+004	1,187e+004	0,7229	15,46
25	2,543e+004	8,879e+004	253,1	452,1	199,1	200,8	443,2	123,7	6,306	67,67	117,4	122,4	9,863	350,9	56,44	0,4838	8,617e+004	6751	-5198	8591	-6480	8,201	87,50	448,3	203,0	3,776e+004	1,234e+004	0,6733	15,70
26	 	 	 	 	 	 	 	 	 	 	 	 	 	 	 	 	 	 	 	 	 	 	 	 	 	 	 	 	 
27	2,983e+004	1,048e+005	300,4	507,0	206,6	208,0	463,3	123,8	6,012	67,11	117,8	122,8	8,351	348,8	59,85	0,4088	1,774e+005	6833	-5307	1,083e+004	-8088	7,640	84,86	502,0	212,3	4,251e+004	1,268e+004	0,7017	15,30
28	2,627e+004	9,169e+004	261,3	462,1	200,8	203,0	452,1	123,7	6,197	67,54	117,5	122,4	9,726	350,9	56,82	0,4684	1,209e+005	6744	-5239	8379	-5808	8,495	86,83	459,9	205,6	3,896e+004	1,269e+004	0,6743	15,64
29	2,610e+004	9,065e+004	259,9	461,3	201,4	203,6	445,9	123,6	6,251	67,26	117,4	122,3	9,767	348,8	57,69	0,4705	8,370e+004	6716	-5123	8661	-7417	8,016	88,90	450,4	202,6	3,829e+004	1,219e+004	0,6817	15,69
30	 	 	 	 	 	 	 	 	 	 	 	 	 	 	 	 	 	 	 	 	 	 	 	 	 	 	 	 	 
31	 	 	 	 	 	 	 	 	 	 	 	 	 	 	 	 	 	 	 	 	 	 	 	 	 	 	 	 	 
32	 	 	 	 	 	 	 	 	 	 	 	 	 	 	 	 	 	 	 	 	 	 	 	 	 	 	 	 	 
33	2,792e+004	9,451e+004	270,9	475,4	204,5	206,4	456,8	123,9	6,067	67,26	117,8	122,4	9,541	348,8	57,40	0,4519	8,433e+004	6778	-5212	9725	-7572	7,346	90,50	472,0	207,0	4,030e+004	1,238e+004	0,6929	15,73
34	 	 	 	 	 	 	 	 	 	 	 	 	 	 	 	 	 	 	 	 	 	 	 	 	 	 	 	 	 
35	 	 	 	 	 	 	 	 	 	 	 	 	 	 	 	 	 	 	 	 	 	 	 	 	 	 	 	 	 
36	2,768e+004	9,461e+004	271,2	470,1	198,9	201,6	457,9	124,1	6,053	67,44	118,1	123,0	9,568	348,8	58,09	0,4533	1,174e+005	6778	-5239	9301	-7110	8,782	88,50	466,9	201,6	3,981e+004	1,213e+004	0,6952	15,52
37	2,576e+004	8,968e+004	257,1	459,7	202,6	205,5	448,6	124,1	6,217	67,41	117,9	123,0	9,644	348,8	57,25	0,4784	9,512e+004	6716	-5109	8902	-7115	7,708	91,40	449,1	204,3	3,842e+004	1,266e+004	0,6705	15,79
38	 	 	 	 	 	 	 	 	 	 	 	 	 	 	 	 	 	 	 	 	 	 	 	 	 	 	 	 	 
39	 	 	 	 	 	 	 	 	 	 	 	 	 	 	 	 	 	 	 	 	 	 	 	 	 	 	 	 	 
40	3,015e+004	9,785e+004	283,8	509,2	225,4	228,5	490,1	124,2	5,540	66,04	118,7	122,7	6,744	344,8	56,13	0,4323	9,065e+004	6860	-5212	9583	-5729	6,778	89,77	505,6	228,2	4,449e+004	1,434e+004	0,6778	15,44
41	2,757e+004	9,494e+004	272,2	472,1	200,0	202,0	464,9	125,0	6,067	67,92	118,9	123,7	9,657	348,8	58,28	0,4543	1,285e+005	6723	-5225	9062	-7080	7,517	89,72	467,0	205,1	4,020e+004	1,263e+004	0,6857	15,66
42	2,646e+004	9,076e+004	261,7	461,8	200,1	201,8	448,3	124,9	5,779	67,25	119,1	123,6	9,356	346,8	57,60	0,4722	8,056e+004	6730	-5191	1,018e+004	-7851	6,757	86,85	454,4	202,2	3,875e+004	1,229e+004	0,6828	15,68
43	 	 	 	 	 	 	 	 	 	 	 	 	 	 	 	 	 	 	 	 	 	 	 	 	 	 	 	 	 
44	2,943e+004	9,875e+004	284,7	489,5	204,8	207,0	489,0	125,3	5,848	67,66	119,5	124,4	8,939	346,8	58,71	0,4369	1,357e+005	6819	-5342	9670	-7119	7,735	86,76	485,0	211,1	4,239e+004	1,296e+004	0,6943	15,25
45	2,798e+004	9,654e+004	276,8	480,4	203,6	205,3	461,5	125,4	6,244	68,11	119,1	124,2	9,527	348,8	59,16	0,4486	7,667e+004	6710	-5123	9261	-7065	7,797	86,30	467,8	206,4	4,087e+004	1,289e+004	0,6847	15,83
46	2,659e+004	9,096e+004	262,3	465,7	203,5	205,5	439,5	125,1	6,142	67,65	119,0	124,2	9,719	346,8	56,32	0,4736	8,936e+004	6716	-5123	9366	-7553	7,352	89,06	465,6	207,2	3,952e+004	1,294e+004	0,6727	16,00

	SW (mmHg*킠)	CO (킠/min)	SV (킠)	Vmax (킠)	Vmin (킠)	Ves (킠)	Ved (킠)	Pmax (mmHg)	Pmin (mmHg)	Pmean (mmHg)	Pdev (mmHg)	Pes (mmHg)	Ped (mmHg)	HR (bpm)	EF (%)	Ea (mmHg/킠)	PowMax (mmHg*킠/s)	dP/dt max (mmHg/s)	dP/dt min (mmHg/s)	dV/dt max (킠/s)	dV/dt min (킠/s)	P@dV/dt max (mmHg)	P@dP/dt max (mmHg)	V@dP/dt max (킠)	V@dP/dt min (킠)	PVA (mmHg*킠)	PE (mmHg*킠)	CE	Tau (ms)
Avg	2,804e+004	9,587e+004	275,0	479,6	204,6	206,7	459,1	124,4	6,266	67,67	118,1	123,0	9,460	348,6	57,83	0,4487	1,075e+005	6773	-5217	9320	-6964	7,936	88,43	475,5	208,3	4,075e+004	1,271e+004	0,6878	15,63
Min	2,543e+004	8,879e+004	253,1	450,1	192,8	194,5	437,6	123,0	4,076	66,04	117,0	122,0	6,744	344,8	54,74	0,3988	7,667e+004	6710	-5403	8157	-8088	5,054	84,22	443,3	195,5	3,745e+004	1,143e+004	0,6377	15,04
Max	3,131e+004	1,067e+005	305,9	509,2	225,9	229,1	490,1	125,4	7,359	69,37	119,5	124,5	11,41	350,9	61,89	0,4838	1,774e+005	6860	-5089	1,083e+004	-5729	9,575	92,96	505,6	228,2	4,449e+004	1,480e+004	0,7326	16,00
Count	26	26	26	26	26	26	26	26	26	26	26	26	26	26	26	26	26	26	26	26	26	26	26	26	26	26	26	26	26
