	SW (mmHg*킠)	CO (킠/min)	SV (킠)	Vmax (킠)	Vmin (킠)	Ves (킠)	Ved (킠)	Pmax (mmHg)	Pmin (mmHg)	Pmean (mmHg)	Pdev (mmHg)	Pes (mmHg)	Ped (mmHg)	HR (bpm)	EF (%)	Ea (mmHg/킠)	PowMax (mmHg*킠/s)	dP/dt max (mmHg/s)	dP/dt min (mmHg/s)	dV/dt max (킠/s)	dV/dt min (킠/s)	P@dV/dt max (mmHg)	P@dP/dt max (mmHg)	V@dP/dt max (킠)	V@dP/dt min (킠)	PVA (mmHg*킠)	PE (mmHg*킠)	CE	Tau (ms)
1	3,826e+004	1,070e+005	301,3	441,0	139,7	156,4	410,6	141,6	-1,436	66,15	143,0	138,8	1,560	355,0	69,63	0,4607	2,896e+005	1,481e+004	-9857	7239	-7492	0,8687	98,62	432,7	145,9	6,734e+004	2,908e+004	0,5682	8,553
2	4,436e+004	1,229e+005	342,1	503,8	161,7	166,3	445,8	145,2	-0,9440	69,28	146,2	142,8	1,861	359,3	68,03	0,4174	1,932e+005	1,498e+004	-9262	8112	-1,076e+004	1,163	93,59	502,9	161,8	7,707e+004	3,271e+004	0,5756	9,140
3	4,437e+004	1,213e+005	335,6	502,0	166,4	172,8	470,6	147,5	-0,9166	70,92	148,5	144,9	2,107	361,4	66,93	0,4318	1,083e+005	1,501e+004	-9098	7947	-9735	1,224	92,15	501,5	166,4	7,810e+004	3,373e+004	0,5681	9,447
4	4,410e+004	1,188e+005	330,7	492,9	162,3	168,9	473,5	147,8	-1,170	70,16	149,0	144,5	1,628	359,3	68,00	0,4370	6,535e+004	1,521e+004	-9194	5812	-8275	0,02736	96,94	486,3	162,3	7,731e+004	3,321e+004	0,5704	9,414
5	 	 	 	 	 	 	 	 	 	 	 	 	 	 	 	 	 	 	 	 	 	 	 	 	 	 	 	 	 
6	 	 	 	 	 	 	 	 	 	 	 	 	 	 	 	 	 	 	 	 	 	 	 	 	 	 	 	 	 
7	3,827e+004	1,100e+005	308,0	446,9	138,9	158,2	415,0	143,3	-1,395	67,69	144,7	139,6	1,607	357,1	72,13	0,4534	1,108e+005	1,489e+004	-9782	7316	-6210	1,361	101,7	426,9	147,0	6,749e+004	2,922e+004	0,5670	8,679
8	4,203e+004	1,136e+005	316,1	477,1	161,1	166,2	452,6	146,8	-0,9850	70,39	147,8	143,7	1,758	359,3	66,38	0,4546	7,257e+004	1,501e+004	-9289	8124	-7969	1,368	93,04	476,1	161,2	7,521e+004	3,318e+004	0,5588	9,344
9	4,497e+004	1,228e+005	339,8	508,0	168,3	173,3	474,1	148,7	-0,8619	71,97	149,6	145,6	1,984	361,4	66,94	0,4285	1,206e+005	1,504e+004	-9214	7872	-9551	1,197	106,8	507,6	168,5	7,933e+004	3,436e+004	0,5668	9,435
10	4,405e+004	1,209e+005	334,6	496,7	162,2	167,0	455,1	147,9	-1,040	70,63	149,0	145,2	1,826	361,4	67,39	0,4340	1,428e+005	1,529e+004	-9221	6587	-9977	1,122	100,5	496,4	162,5	7,782e+004	3,377e+004	0,5661	9,328
11	4,161e+004	1,117e+005	309,0	459,2	150,2	157,3	430,6	145,4	-1,252	68,34	146,7	142,7	1,478	361,4	67,35	0,4618	4,299e+004	1,538e+004	-9385	6502	-8400	0,8619	99,88	458,8	150,5	7,311e+004	3,150e+004	0,5691	8,934
12	3,834e+004	1,038e+005	287,1	439,2	152,1	156,7	417,5	141,0	-5,212	63,77	146,2	139,2	1,190	361,4	65,44	0,4849	7,534e+004	1,526e+004	-9501	5697	-8104	-3,701	98,53	438,8	152,2	6,915e+004	3,081e+004	0,5544	8,410
13	 	 	 	 	 	 	 	 	 	 	 	 	 	 	 	 	 	 	 	 	 	 	 	 	 	 	 	 	 
14	 	 	 	 	 	 	 	 	 	 	 	 	 	 	 	 	 	 	 	 	 	 	 	 	 	 	 	 	 
15	4,146e+004	1,139e+005	319,0	469,0	150,0	159,4	429,4	142,1	-1,190	66,92	143,3	139,0	1,491	357,1	68,16	0,4359	1,765e+005	1,496e+004	-9173	7824	-9045	0,9713	94,84	468,0	151,1	7,185e+004	3,040e+004	0,5770	8,903
16	4,416e+004	1,224e+005	340,7	502,1	161,4	168,4	458,4	145,3	-0,9166	69,37	146,2	142,3	1,888	359,3	67,99	0,4177	1,816e+005	1,510e+004	-9166	7753	-1,015e+004	0,9508	97,91	501,1	161,6	7,691e+004	3,274e+004	0,5743	9,407
17	4,271e+004	1,156e+005	319,9	478,8	158,9	165,9	464,7	145,9	-1,033	69,57	146,9	142,5	1,908	361,4	66,91	0,4456	6,449e+004	1,504e+004	-9070	7638	-8666	1,047	107,2	478,1	159,0	7,510e+004	3,238e+004	0,5688	9,303
18	4,231e+004	1,157e+005	320,1	470,3	150,2	157,5	446,6	144,4	-1,231	68,01	145,7	140,4	1,635	361,4	68,15	0,4387	1,410e+005	1,529e+004	-9303	6431	-9702	0,6362	101,9	469,7	150,4	7,339e+004	3,108e+004	0,5765	8,950
19	3,971e+004	1,069e+005	295,7	435,8	140,0	148,2	417,3	141,7	-1,765	65,41	143,5	137,7	1,197	361,4	68,16	0,4656	2,039e+004	1,527e+004	-9228	5495	-7523	-0,6840	99,49	433,8	140,8	6,885e+004	2,914e+004	0,5768	8,829
20	 	 	 	 	 	 	 	 	 	 	 	 	 	 	 	 	 	 	 	 	 	 	 	 	 	 	 	 	 

	SW (mmHg*킠)	CO (킠/min)	SV (킠)	Vmax (킠)	Vmin (킠)	Ves (킠)	Ved (킠)	Pmax (mmHg)	Pmin (mmHg)	Pmean (mmHg)	Pdev (mmHg)	Pes (mmHg)	Ped (mmHg)	HR (bpm)	EF (%)	Ea (mmHg/킠)	PowMax (mmHg*킠/s)	dP/dt max (mmHg/s)	dP/dt min (mmHg/s)	dV/dt max (킠/s)	dV/dt min (킠/s)	P@dV/dt max (mmHg)	P@dP/dt max (mmHg)	V@dP/dt max (킠)	V@dP/dt min (킠)	PVA (mmHg*킠)	PE (mmHg*킠)	CE	Tau (ms)
Avg	4,205e+004	1,152e+005	320,0	474,9	154,9	162,8	444,1	145,0	-1,423	68,57	146,4	141,9	1,675	359,9	67,84	0,4445	1,204e+005	1,510e+004	-9316	7090	-8771	0,5609	98,87	471,9	156,1	7,387e+004	3,182e+004	0,5692	9,072
Min	3,826e+004	1,038e+005	287,1	435,8	138,9	148,2	410,6	141,0	-5,212	63,77	143,0	137,7	1,190	355,0	65,44	0,4174	2,039e+004	1,481e+004	-9857	5495	-1,076e+004	-3,701	92,15	426,9	140,8	6,734e+004	2,908e+004	0,5544	8,410
Max	4,497e+004	1,229e+005	342,1	508,0	168,3	173,3	474,1	148,7	-0,8619	71,97	149,6	145,6	2,107	361,4	72,13	0,4849	2,896e+005	1,538e+004	-9070	8124	-6210	1,368	107,2	507,6	168,5	7,933e+004	3,436e+004	0,5770	9,447
Count	15	15	15	15	15	15	15	15	15	15	15	15	15	15	15	15	15	15	15	15	15	15	15	15	15	15	15	15	15
