	SW (mmHg*킠)	CO (킠/min)	SV (킠)	Vmax (킠)	Vmin (킠)	Ves (킠)	Ved (킠)	Pmax (mmHg)	Pmin (mmHg)	Pmean (mmHg)	Pdev (mmHg)	Pes (mmHg)	Ped (mmHg)	HR (bpm)	EF (%)	Ea (mmHg/킠)	PowMax (mmHg*킠/s)	dP/dt max (mmHg/s)	dP/dt min (mmHg/s)	dV/dt max (킠/s)	dV/dt min (킠/s)	P@dV/dt max (mmHg)	P@dP/dt max (mmHg)	V@dP/dt max (킠)	V@dP/dt min (킠)	PVA (mmHg*킠)	PE (mmHg*킠)	CE	Tau (ms)
1	 	 	 	 	 	 	 	 	 	 	 	 	 	 	 	 	 	 	 	 	 	 	 	 	 	 	 	 	 
2	1,691e+004	5,300e+004	144,0	243,0	98,96	106,4	236,4	139,2	8,129	77,00	131,0	130,7	10,18	368,1	61,31	0,9077	5,121e+004	1,110e+004	-9593	4423	-3064	9,736	107,3	234,9	100,5	2,172e+004	4814	0,7784	13,72
3	1,703e+004	5,681e+004	153,4	245,2	91,86	97,66	243,0	136,1	8,403	73,75	127,7	130,0	10,96	370,4	67,17	0,8478	4,694e+004	1,065e+004	-9743	4654	-2914	9,928	103,1	228,3	92,00	2,077e+004	3740	0,8199	14,06
4	1,528e+004	5,192e+004	139,3	225,7	86,43	88,52	217,5	131,6	7,856	68,20	123,8	128,2	11,38	372,7	67,60	0,9202	2,778e+004	1,004e+004	-1,167e+004	3035	-3318	9,155	106,5	206,1	86,63	1,818e+004	2901	0,8405	13,84
5	 	 	 	 	 	 	 	 	 	 	 	 	 	 	 	 	 	 	 	 	 	 	 	 	 	 	 	 	 
6	 	 	 	 	 	 	 	 	 	 	 	 	 	 	 	 	 	 	 	 	 	 	 	 	 	 	 	 	 
7	 	 	 	 	 	 	 	 	 	 	 	 	 	 	 	 	 	 	 	 	 	 	 	 	 	 	 	 	 
8	 	 	 	 	 	 	 	 	 	 	 	 	 	 	 	 	 	 	 	 	 	 	 	 	 	 	 	 	 
9	 	 	 	 	 	 	 	 	 	 	 	 	 	 	 	 	 	 	 	 	 	 	 	 	 	 	 	 	 
10	 	 	 	 	 	 	 	 	 	 	 	 	 	 	 	 	 	 	 	 	 	 	 	 	 	 	 	 	 
11	3483	2,064e+004	55,37	108,5	53,08	57,12	94,67	87,24	10,78	40,59	76,45	79,52	16,66	372,7	54,54	1,436	4,316e+004	4683	-5572	1560	-2281	16,66	35,71	101,5	54,35	3983	499,8	0,8745	17,54
12	2704	1,722e+004	45,92	99,49	53,57	55,22	92,49	81,81	11,22	38,50	70,59	74,15	16,82	375,0	48,67	1,615	4,135e+004	4280	-5299	1358	-2106	15,02	27,03	94,36	53,86	3210	505,5	0,8425	18,18
13	2364	1,525e+004	40,67	91,28	50,61	53,31	90,14	79,30	11,28	37,49	68,02	70,94	16,92	375,0	44,62	1,744	3,035e+004	4075	-4759	1257	-1593	15,03	30,03	91,15	50,83	2764	400,1	0,8553	18,58
14	2176	1,489e+004	39,72	90,71	51,00	55,20	88,69	75,91	11,49	36,17	64,43	66,99	16,65	375,0	43,78	1,687	1,676e+004	3849	-4670	1079	-1281	15,16	28,33	90,71	51,51	2630	454,6	0,8272	19,09
15	2300	1,698e+004	45,27	94,46	49,19	54,32	86,85	74,20	11,72	35,74	62,48	65,75	16,77	375,0	50,76	1,453	3,083e+004	3808	-4253	1260	-1778	13,24	25,37	89,18	50,05	2638	337,9	0,8719	19,34
16	1808	1,359e+004	35,10	86,19	51,09	52,13	84,83	71,48	11,60	35,24	59,88	63,69	16,80	387,1	41,48	1,815	2,677e+004	3569	-4034	1094	-1535	13,74	31,59	84,63	51,09	2183	374,9	0,8282	19,98
17	1766	1,351e+004	37,15	85,97	48,82	50,36	81,29	70,03	11,80	33,68	58,23	60,95	14,64	363,6	44,10	1,641	2,412e+004	3542	-3870	908,7	-1386	14,64	31,63	84,24	48,85	2109	342,3	0,8376	20,37
18	1645	1,379e+004	35,63	83,12	47,50	52,77	81,48	67,48	11,68	33,83	55,80	59,35	16,76	387,1	43,25	1,666	1,837e+004	3364	-3460	1101	-1318	14,47	30,23	82,37	47,92	1937	291,5	0,8495	20,82
19	1498	1,238e+004	33,02	81,07	48,06	51,71	78,47	66,42	11,66	33,00	54,76	59,39	14,54	375,0	41,52	1,799	2,041e+004	3357	-3514	1094	-1270	14,48	30,30	79,52	48,54	1775	276,8	0,8441	21,60
20	1232	1,099e+004	29,31	77,31	48,01	49,85	76,15	64,19	11,79	32,15	52,40	56,58	14,36	375,0	38,68	1,931	2,122e+004	3084	-3186	918,1	-1333	15,27	32,05	75,77	48,07	1526	294,1	0,8072	23,08
21	1369	1,285e+004	34,26	80,52	46,26	49,02	77,37	64,02	11,80	32,25	52,22	55,42	14,50	375,0	43,16	1,618	1,852e+004	3200	-3070	1070	-996,7	16,26	29,84	79,39	46,30	1632	262,7	0,8390	24,47

	SW (mmHg*킠)	CO (킠/min)	SV (킠)	Vmax (킠)	Vmin (킠)	Ves (킠)	Ved (킠)	Pmax (mmHg)	Pmin (mmHg)	Pmean (mmHg)	Pdev (mmHg)	Pes (mmHg)	Ped (mmHg)	HR (bpm)	EF (%)	Ea (mmHg/킠)	PowMax (mmHg*킠/s)	dP/dt max (mmHg/s)	dP/dt min (mmHg/s)	dV/dt max (킠/s)	dV/dt min (킠/s)	P@dV/dt max (mmHg)	P@dP/dt max (mmHg)	V@dP/dt max (킠)	V@dP/dt min (킠)	PVA (mmHg*킠)	PE (mmHg*킠)	CE	Tau (ms)
Avg	5112	2,313e+004	62,01	120,9	58,89	62,40	116,4	86,36	10,80	43,40	75,56	78,69	14,85	374,8	49,33	1,506	2,984e+004	5186	-5478	1772	-1869	13,77	46,36	115,9	59,32	6219	1107	0,8368	18,90
Min	1232	1,099e+004	29,31	77,31	46,26	49,02	76,15	64,02	7,856	32,15	52,22	55,42	10,18	363,6	38,68	0,8478	1,676e+004	3084	-1,167e+004	908,7	-3318	9,155	25,37	75,77	46,30	1526	262,7	0,7784	13,72
Max	1,703e+004	5,681e+004	153,4	245,2	98,96	106,4	243,0	139,2	11,80	77,00	131,0	130,7	16,92	387,1	67,60	1,931	5,121e+004	1,110e+004	-3070	4654	-996,7	16,66	107,3	234,9	100,5	2,172e+004	4814	0,8745	24,47
Count	14	14	14	14	14	14	14	14	14	14	14	14	14	14	14	14	14	14	14	14	14	14	14	14	14	14	14	14	14
