	SW (mmHg*킠)	CO (킠/min)	SV (킠)	Vmax (킠)	Vmin (킠)	Ves (킠)	Ved (킠)	Pmax (mmHg)	Pmin (mmHg)	Pmean (mmHg)	Pdev (mmHg)	Pes (mmHg)	Ped (mmHg)	HR (bpm)	EF (%)	Ea (mmHg/킠)	PowMax (mmHg*킠/s)	dP/dt max (mmHg/s)	dP/dt min (mmHg/s)	dV/dt max (킠/s)	dV/dt min (킠/s)	P@dV/dt max (mmHg)	P@dP/dt max (mmHg)	V@dP/dt max (킠)	V@dP/dt min (킠)	PVA (mmHg*킠)	PE (mmHg*킠)	CE	Tau (ms)
1	 	 	 	 	 	 	 	 	 	 	 	 	 	 	 	 	 	 	 	 	 	 	 	 	 	 	 	 	 
2	 	 	 	 	 	 	 	 	 	 	 	 	 	 	 	 	 	 	 	 	 	 	 	 	 	 	 	 	 
3	 	 	 	 	 	 	 	 	 	 	 	 	 	 	 	 	 	 	 	 	 	 	 	 	 	 	 	 	 
4	 	 	 	 	 	 	 	 	 	 	 	 	 	 	 	 	 	 	 	 	 	 	 	 	 	 	 	 	 
5	 	 	 	 	 	 	 	 	 	 	 	 	 	 	 	 	 	 	 	 	 	 	 	 	 	 	 	 	 
6	 	 	 	 	 	 	 	 	 	 	 	 	 	 	 	 	 	 	 	 	 	 	 	 	 	 	 	 	 
7	 	 	 	 	 	 	 	 	 	 	 	 	 	 	 	 	 	 	 	 	 	 	 	 	 	 	 	 	 
8	 	 	 	 	 	 	 	 	 	 	 	 	 	 	 	 	 	 	 	 	 	 	 	 	 	 	 	 	 
9	2,095e+004	9,181e+004	264,7	439,9	175,2	230,2	363,0	98,69	-6,896	42,01	105,6	83,73	-5,630	346,8	65,93	0,3163	5,283e+005	5952	-6766	6727	-6163	78,54	54,74	401,5	197,9	 	 	 	8,587
10	1,742e+004	9,302e+004	265,1	424,3	159,2	214,2	350,1	99,12	-5,111	46,30	104,2	86,75	-5,111	350,9	73,37	0,3272	4,355e+005	5083	-6144	8443	-5888	2,353	39,18	361,3	191,3	 	 	 	11,55
11	1,945e+004	1,069e+005	306,5	465,7	159,2	227,6	398,3	101,7	0,9988	47,62	100,7	86,45	4,290	348,8	77,41	0,2820	6,538e+005	5377	-6007	9737	-8087	57,62	52,40	396,0	206,2	 	 	 	11,21
12	 	 	 	 	 	 	 	 	 	 	 	 	 	 	 	 	 	 	 	 	 	 	 	 	 	 	 	 	 
13	1,890e+004	1,004e+005	284,4	431,3	146,9	217,2	331,9	94,58	-8,647	40,21	103,2	82,32	-6,602	352,9	78,58	0,2895	3,780e+005	5350	-6383	7750	-8047	-8,565	37,91	361,9	189,2	 	 	 	8,242
14	 	 	 	 	 	 	 	 	 	 	 	 	 	 	 	 	 	 	 	 	 	 	 	 	 	 	 	 	 
15	2,047e+004	1,114e+005	317,4	478,4	161,0	232,9	391,7	101,7	1,231	48,72	100,5	85,69	4,666	350,9	76,51	0,2700	5,212e+005	5418	-5801	9073	-6994	1,444	55,50	414,8	208,3	 	 	 	11,64
16	 	 	 	 	 	 	 	 	 	 	 	 	 	 	 	 	 	 	 	 	 	 	 	 	 	 	 	 	 
17	2,022e+004	1,014e+005	294,1	447,6	153,5	215,2	361,6	95,80	-8,805	40,21	104,6	81,96	-7,307	344,8	80,31	0,2787	5,098e+005	5480	-6417	8374	-5972	-8,538	38,07	366,2	188,3	 	 	 	8,383
18	 	 	 	 	 	 	 	 	 	 	 	 	 	 	 	 	 	 	 	 	 	 	 	 	 	 	 	 	 
19	2,004e+004	1,046e+005	299,8	461,9	162,1	230,4	395,9	102,5	1,361	49,07	101,1	86,37	4,762	348,8	73,35	0,2881	5,672e+005	5487	-5760	8253	-6887	1,444	57,97	408,7	206,3	 	 	 	11,77
20	 	 	 	 	 	 	 	 	 	 	 	 	 	 	 	 	 	 	 	 	 	 	 	 	 	 	 	 	 
21	1,932e+004	9,554e+004	272,3	441,6	169,4	220,6	393,4	96,05	-9,167	41,25	105,2	82,89	-5,008	350,9	71,74	0,3044	4,872e+005	5836	-6595	6121	-9269	-8,299	43,58	379,5	200,7	 	 	 	8,330
22	 	 	 	 	 	 	 	 	 	 	 	 	 	 	 	 	 	 	 	 	 	 	 	 	 	 	 	 	 
23	2,038e+004	1,062e+005	306,3	469,6	163,2	228,0	391,0	102,0	1,361	48,46	100,7	86,28	3,886	346,8	74,56	0,2817	5,648e+005	5494	-5904	9363	-8417	60,32	54,96	410,9	203,9	 	 	 	11,75
24	2,421e+004	1,244e+005	360,8	495,5	134,8	238,9	417,0	103,2	-6,034	47,26	109,2	89,27	3,633	344,8	80,56	0,2474	6,505e+005	5925	-6171	1,039e+004	-9171	59,55	59,55	447,8	217,0	 	 	 	10,83
25	2,025e+004	9,367e+004	271,6	439,2	167,6	232,4	382,2	95,80	-9,359	40,64	105,2	86,95	-5,548	344,8	70,26	0,3201	4,858e+005	5877	-6301	6801	-6568	68,51	47,14	386,6	202,8	 	 	 	8,473
26	 	 	 	 	 	 	 	 	 	 	 	 	 	 	 	 	 	 	 	 	 	 	 	 	 	 	 	 	 
27	2,014e+004	1,149e+005	331,2	486,0	154,7	219,7	401,0	101,7	1,601	48,23	100,1	85,06	4,002	346,8	80,99	0,2568	5,054e+005	5480	-5781	1,036e+004	-9797	2,360	55,63	409,0	202,4	 	 	 	11,78
28	 	 	 	 	 	 	 	 	 	 	 	 	 	 	 	 	 	 	 	 	 	 	 	 	 	 	 	 	 
29	 	 	 	 	 	 	 	 	 	 	 	 	 	 	 	 	 	 	 	 	 	 	 	 	 	 	 	 	 
30	 	 	 	 	 	 	 	 	 	 	 	 	 	 	 	 	 	 	 	 	 	 	 	 	 	 	 	 	 
31	1,890e+004	1,109e+005	319,7	472,8	153,1	238,6	385,3	101,3	1,950	47,87	99,33	84,70	5,412	346,8	81,92	0,2649	7,694e+005	5247	-5555	1,036e+004	-7505	2,812	52,01	390,3	211,3	 	 	 	11,82
32	 	 	 	 	 	 	 	 	 	 	 	 	 	 	 	 	 	 	 	 	 	 	 	 	 	 	 	 	 
33	1,965e+004	1,004e+005	287,9	464,5	176,6	220,6	356,8	94,55	-10,56	39,79	105,1	80,45	-3,900	348,8	73,75	0,2795	6,328e+005	5952	-6561	8976	-8835	67,46	51,50	390,3	196,8	 	 	 	7,851
34	 	 	 	 	 	 	 	 	 	 	 	 	 	 	 	 	 	 	 	 	 	 	 	 	 	 	 	 	 
35	 	 	 	 	 	 	 	 	 	 	 	 	 	 	 	 	 	 	 	 	 	 	 	 	 	 	 	 	 
36	 	 	 	 	 	 	 	 	 	 	 	 	 	 	 	 	 	 	 	 	 	 	 	 	 	 	 	 	 
37	 	 	 	 	 	 	 	 	 	 	 	 	 	 	 	 	 	 	 	 	 	 	 	 	 	 	 	 	 
38	1,778e+004	1,072e+005	312,6	504,3	191,7	240,3	370,8	103,5	3,031	49,31	100,5	88,47	3,735	342,9	78,91	0,2831	1,078e+006	5795	-6000	1,505e+004	-7606	71,65	55,48	396,1	222,3	 	 	 	12,09
39	 	 	 	 	 	 	 	 	 	 	 	 	 	 	 	 	 	 	 	 	 	 	 	 	 	 	 	 	 
40	 	 	 	 	 	 	 	 	 	 	 	 	 	 	 	 	 	 	 	 	 	 	 	 	 	 	 	 	 
41	2,178e+004	9,528e+004	279,5	457,9	178,4	223,5	415,7	93,97	-10,28	37,15	104,3	77,20	-6,055	340,9	66,53	0,2762	4,161e+005	6150	-6527	7177	-7516	44,91	51,06	420,1	196,8	 	 	 	7,907
42	 	 	 	 	 	 	 	 	 	 	 	 	 	 	 	 	 	 	 	 	 	 	 	 	 	 	 	 	 
43	 	 	 	 	 	 	 	 	 	 	 	 	 	 	 	 	 	 	 	 	 	 	 	 	 	 	 	 	 
44	 	 	 	 	 	 	 	 	 	 	 	 	 	 	 	 	 	 	 	 	 	 	 	 	 	 	 	 	 
45	 	 	 	 	 	 	 	 	 	 	 	 	 	 	 	 	 	 	 	 	 	 	 	 	 	 	 	 	 
46	 	 	 	 	 	 	 	 	 	 	 	 	 	 	 	 	 	 	 	 	 	 	 	 	 	 	 	 	 
47	1,988e+004	1,085e+005	320,0	465,2	145,3	205,5	365,0	97,50	-1,095	44,08	98,60	82,67	-1,095	339,0	81,42	0,2584	7,003e+005	4981	-5528	1,062e+004	-8088	65,96	43,26	393,0	194,2	 	 	 	11,54
48	 	 	 	 	 	 	 	 	 	 	 	 	 	 	 	 	 	 	 	 	 	 	 	 	 	 	 	 	 
49	2,011e+004	1,032e+005	307,7	472,3	164,6	218,5	359,8	93,87	-10,14	38,26	104,0	78,74	-4,796	335,2	80,62	0,2559	6,474e+005	5781	-6472	1,039e+004	-8850	62,30	45,93	381,7	186,7	 	 	 	8,219
50	 	 	 	 	 	 	 	 	 	 	 	 	 	 	 	 	 	 	 	 	 	 	 	 	 	 	 	 	 

	SW (mmHg*킠)	CO (킠/min)	SV (킠)	Vmax (킠)	Vmin (킠)	Ves (킠)	Ved (킠)	Pmax (mmHg)	Pmin (mmHg)	Pmean (mmHg)	Pdev (mmHg)	Pes (mmHg)	Ped (mmHg)	HR (bpm)	EF (%)	Ea (mmHg/킠)	PowMax (mmHg*킠/s)	dP/dt max (mmHg/s)	dP/dt min (mmHg/s)	dV/dt max (킠/s)	dV/dt min (킠/s)	P@dV/dt max (mmHg)	P@dP/dt max (mmHg)	V@dP/dt max (킠)	V@dP/dt min (킠)	PVA (mmHg*킠)	PE (mmHg*킠)	CE	Tau (ms)
Avg	1,999e+004	1,039e+005	300,1	462,1	162,0	225,2	379,5	98,75	-4,142	44,25	102,9	84,22	-0,9259	346,2	75,93	0,2822	5,851e+005	5592	-6148	9109	-7759	34,55	49,77	395,3	201,2	-6,410e+006	407,7	-0,002541	10,11
Min	1,742e+004	9,181e+004	264,7	424,3	134,8	205,5	331,9	93,87	-10,56	37,15	98,60	77,20	-7,307	335,2	65,93	0,2474	3,780e+005	4981	-6766	6121	-9797	-8,565	37,91	361,3	186,7	-6,410e+006	407,7	-0,002541	7,851
Max	2,421e+004	1,244e+005	360,8	504,3	191,7	240,3	417,0	103,5	3,031	49,31	109,2	89,27	5,412	352,9	81,92	0,3272	1,078e+006	6150	-5528	1,505e+004	-5888	78,54	59,55	447,8	222,3	-6,410e+006	407,7	-0,002541	12,09
Count	18	18	18	18	18	18	18	18	18	18	18	18	18	18	18	18	18	18	18	18	18	18	18	18	18	18	18	18	18
