	SW (mmHg*킠)	CO (킠/min)	SV (킠)	Vmax (킠)	Vmin (킠)	Ves (킠)	Ved (킠)	Pmax (mmHg)	Pmin (mmHg)	Pmean (mmHg)	Pdev (mmHg)	Pes (mmHg)	Ped (mmHg)	HR (bpm)	EF (%)	Ea (mmHg/킠)	PowMax (mmHg*킠/s)	dP/dt max (mmHg/s)	dP/dt min (mmHg/s)	dV/dt max (킠/s)	dV/dt min (킠/s)	P@dV/dt max (mmHg)	P@dP/dt max (mmHg)	V@dP/dt max (킠)	V@dP/dt min (킠)	Tau (ms)
1	3,485e+004	9,792e+004	274,2	510,8	236,6	243,2	464,1	165,4	5,431	85,50	159,9	160,8	7,723	357,1	55,91	0,5864	4,836e+005	1,151e+004	-8872	5404	-7106	6,587	112,0	490,4	237,6	13,14
2	4,222e+004	1,101e+005	308,2	487,7	179,5	190,5	446,7	166,0	7,593	86,07	158,4	156,8	7,593	357,1	64,96	0,5086	3,768e+005	1,139e+004	-9207	9006	-6235	8,783	109,3	474,5	181,3	13,55
3	3,855e+004	1,077e+005	299,7	483,3	183,6	193,1	430,8	166,8	8,181	87,58	158,6	159,5	10,45	359,3	65,25	0,5320	5,162e+005	1,164e+004	-8728	9561	-7158	8,462	108,8	459,4	183,6	13,94
4	3,629e+004	1,033e+005	289,3	505,7	216,4	219,4	455,1	166,4	5,835	85,61	160,6	161,6	9,036	357,1	59,18	0,5587	4,228e+005	1,177e+004	-8722	4560	-6562	6,437	112,6	488,9	221,1	13,79
5	3,397e+004	9,378e+004	261,0	486,6	225,6	231,3	435,0	164,1	5,486	84,06	158,6	160,6	7,976	359,3	55,52	0,6151	4,510e+005	1,131e+004	-9064	5465	-5888	6,095	102,8	470,2	226,6	12,80
6	 	 	 	 	 	 	 	 	 	 	 	 	 	 	 	 	 	 	 	 	 	 	 	 	 	 
7	 	 	 	 	 	 	 	 	 	 	 	 	 	 	 	 	 	 	 	 	 	 	 	 	 	 
8	3,933e+004	1,088e+005	302,8	488,4	185,6	193,1	433,4	166,4	8,455	87,51	158,0	161,3	10,73	359,3	64,16	0,5328	4,656e+005	1,156e+004	-8865	8944	-6528	9,064	116,6	471,9	185,7	13,84
9	3,430e+004	9,502e+004	266,0	501,6	235,5	240,4	460,8	165,8	6,020	85,87	159,7	161,1	9,775	357,1	54,87	0,6056	3,568e+005	1,166e+004	-8612	5657	-6343	6,793	106,1	484,9	237,1	13,79
10	3,504e+004	9,714e+004	272,0	495,3	223,4	229,4	439,2	164,6	5,206	84,34	159,4	159,3	7,914	357,1	57,07	0,5859	4,585e+005	1,136e+004	-9125	5648	-6704	5,951	102,9	476,6	224,5	12,66
11	3,318e+004	9,423e+004	265,4	488,7	223,3	230,0	432,8	162,9	5,226	82,54	157,6	158,3	7,347	355,0	57,29	0,5964	5,878e+005	1,120e+004	-9282	5618	-6357	6,197	105,1	463,3	223,9	12,32
12	4,024e+004	1,074e+005	298,8	470,5	171,7	185,9	434,6	165,4	8,619	86,52	156,7	157,8	8,756	359,3	66,00	0,5282	4,089e+005	1,140e+004	-9228	9320	-6309	8,947	101,0	452,8	173,7	13,52
13	4,081e+004	1,101e+005	306,4	503,9	197,5	206,4	453,6	166,8	7,463	88,01	159,3	159,8	10,63	359,3	62,62	0,5216	3,649e+005	1,170e+004	-8496	9183	-7058	7,675	109,9	489,3	197,5	14,11
14	 	 	 	 	 	 	 	 	 	 	 	 	 	 	 	 	 	 	 	 	 	 	 	 	 	 
15	3,457e+004	9,171e+004	259,9	489,0	229,2	236,1	432,9	163,4	5,472	82,83	158,0	159,6	7,572	352,9	54,08	0,6142	3,470e+005	1,119e+004	-9166	5553	-5452	6,546	113,1	480,5	229,9	12,53
16	3,571e+004	9,816e+004	274,8	485,8	211,0	223,6	431,1	162,8	5,691	83,17	157,1	157,4	7,908	357,1	59,53	0,5727	5,002e+005	1,124e+004	-9399	6432	-5969	6,129	103,6	461,7	212,1	12,50
17	3,654e+004	1,028e+005	287,8	497,0	209,3	218,0	445,5	163,8	7,545	84,84	156,3	157,0	8,017	357,1	60,97	0,5457	5,675e+005	1,141e+004	-9118	7273	-6269	8,120	107,2	472,0	209,3	12,94
18	3,794e+004	1,039e+005	291,0	485,4	194,5	202,9	437,0	167,2	8,879	88,42	158,3	160,5	10,44	357,1	62,72	0,5515	4,884e+005	1,158e+004	-8961	9351	-6037	9,180	107,1	463,9	194,5	13,89
19	 	 	 	 	 	 	 	 	 	 	 	 	 	 	 	 	 	 	 	 	 	 	 	 	 	 
20	3,568e+004	9,615e+004	269,2	515,6	246,4	253,7	463,5	165,9	5,336	86,22	160,6	162,0	7,908	357,1	53,79	0,6019	4,085e+005	1,146e+004	-8995	5945	-6701	6,225	102,0	500,6	246,4	12,88
21	3,934e+004	1,086e+005	305,9	508,9	203,0	228,5	452,4	165,0	7,340	85,64	157,7	157,8	7,340	355,0	63,14	0,5157	5,564e+005	1,133e+004	-9070	8887	-6190	8,872	103,1	484,6	213,5	13,54
22	3,862e+004	1,074e+005	298,9	489,7	190,8	197,9	443,8	167,2	8,722	88,72	158,4	159,6	10,86	359,3	64,32	0,5340	5,395e+005	1,159e+004	-8824	9355	-6915	9,084	110,3	464,8	190,9	13,83
23	 	 	 	 	 	 	 	 	 	 	 	 	 	 	 	 	 	 	 	 	 	 	 	 	 	 
24	3,519e+004	9,396e+004	264,7	492,3	227,7	235,8	448,7	165,2	5,329	84,91	159,8	162,4	8,605	355,0	55,23	0,6138	3,892e+005	1,146e+004	-8968	5159	-6254	5,862	114,9	479,2	228,1	12,95
25	3,363e+004	9,178e+004	257,0	488,4	231,4	238,9	438,4	162,6	5,089	82,65	157,5	158,3	7,709	357,1	54,72	0,6159	4,146e+005	1,117e+004	-9323	5945	-5596	6,081	99,87	469,6	231,5	12,35
26	3,484e+004	9,731e+004	272,5	490,6	218,2	230,0	441,2	162,2	7,176	83,25	155,1	157,8	7,702	357,1	58,40	0,5792	5,355e+005	1,123e+004	-9276	7535	-6076	8,065	105,9	466,5	218,3	12,71
27	 	 	 	 	 	 	 	 	 	 	 	 	 	 	 	 	 	 	 	 	 	 	 	 	 	 
28	3,923e+004	1,095e+005	304,8	516,2	211,4	215,1	461,4	165,8	6,492	86,73	159,3	161,4	10,69	359,3	60,90	0,5296	3,487e+005	1,162e+004	-8551	6070	-6956	6,799	104,7	500,4	213,9	13,70
29	3,536e+004	9,735e+004	272,6	502,7	230,1	237,8	460,3	163,7	5,507	84,39	158,2	158,9	8,769	357,1	55,95	0,5831	4,241e+005	1,138e+004	-8988	6023	-5767	6,533	111,1	487,2	230,8	12,95

	SW (mmHg*킠)	CO (킠/min)	SV (킠)	Vmax (킠)	Vmin (킠)	Ves (킠)	Ved (킠)	Pmax (mmHg)	Pmin (mmHg)	Pmean (mmHg)	Pdev (mmHg)	Pes (mmHg)	Ped (mmHg)	HR (bpm)	EF (%)	Ea (mmHg/킠)	PowMax (mmHg*킠/s)	dP/dt max (mmHg/s)	dP/dt min (mmHg/s)	dV/dt max (킠/s)	dV/dt min (킠/s)	P@dV/dt max (mmHg)	P@dP/dt max (mmHg)	V@dP/dt max (킠)	V@dP/dt min (킠)	Tau (ms)
Avg	3,676e+004	1,010e+005	282,7	495,0	212,2	220,9	445,3	165,0	6,613	85,45	158,4	159,6	8,758	357,3	59,42	0,5665	4,527e+005	1,144e+004	-8993	7039	-6366	7,325	107,4	476,2	213,6	13,23
Min	3,318e+004	9,171e+004	257,0	470,5	171,7	185,9	430,8	162,2	5,089	82,54	155,1	156,8	7,340	352,9	53,79	0,5086	3,470e+005	1,117e+004	-9399	4560	-7158	5,862	99,87	452,8	173,7	12,32
Max	4,222e+004	1,101e+005	308,2	516,2	246,4	253,7	464,1	167,2	8,879	88,72	160,6	162,4	10,86	359,3	66,00	0,6159	5,878e+005	1,177e+004	-8496	9561	-5452	9,180	116,6	500,6	246,4	14,11
Count	23	23	23	23	23	23	23	23	23	23	23	23	23	23	23	23	23	23	23	23	23	23	23	23	23	23
