	SW (mmHg*킠)	CO (킠/min)	SV (킠)	Vmax (킠)	Vmin (킠)	Ves (킠)	Ved (킠)	Pmax (mmHg)	Pmin (mmHg)	Pmean (mmHg)	Pdev (mmHg)	Pes (mmHg)	Ped (mmHg)	HR (bpm)	EF (%)	Ea (mmHg/킠)	PowMax (mmHg*킠/s)	dP/dt max (mmHg/s)	dP/dt min (mmHg/s)	dV/dt max (킠/s)	dV/dt min (킠/s)	P@dV/dt max (mmHg)	P@dP/dt max (mmHg)	V@dP/dt max (킠)	V@dP/dt min (킠)	Tau (ms)
1	 	 	 	 	 	 	 	 	 	 	 	 	 	 	 	 	 	 	 	 	 	 	 	 	 	 
2	2,689e+004	7,957e+004	213,5	339,9	126,4	136,9	324,2	147,4	12,38	80,82	135,0	141,3	13,05	372,7	63,49	0,6619	1,014e+005	1,028e+004	-1,146e+004	8179	-4717	12,40	100,0	336,3	129,1	13,85
3	2,814e+004	8,382e+004	227,7	348,4	120,7	127,3	312,5	149,3	12,12	80,80	137,2	144,5	14,73	368,1	66,96	0,6347	1,148e+005	1,032e+004	-1,164e+004	9462	-5159	12,13	114,4	340,1	120,9	14,19
4	 	 	 	 	 	 	 	 	 	 	 	 	 	 	 	 	 	 	 	 	 	 	 	 	 	 
5	 	 	 	 	 	 	 	 	 	 	 	 	 	 	 	 	 	 	 	 	 	 	 	 	 	 
6	2,848e+004	8,328e+004	226,2	354,0	127,8	131,6	319,6	147,8	10,41	79,62	137,4	143,5	15,21	368,1	64,00	0,6342	1,731e+005	1,034e+004	-1,080e+004	7332	-5234	10,45	113,3	353,5	128,0	13,98
7	2,521e+004	7,623e+004	204,5	322,7	118,2	126,3	300,0	146,8	12,47	79,74	134,4	143,1	12,47	372,7	63,56	0,6994	1,207e+005	1,015e+004	-1,210e+004	8211	-5106	12,57	113,2	321,8	123,3	13,20
8	2,795e+004	8,139e+004	221,1	345,2	124,1	129,8	299,2	148,3	11,29	79,94	137,0	145,6	15,09	368,1	64,93	0,6583	1,412e+005	1,030e+004	-1,157e+004	7715	-4939	11,42	114,1	340,5	126,0	14,09
9	2,746e+004	8,104e+004	217,4	343,4	125,9	135,4	318,9	146,3	10,80	79,42	135,5	142,5	13,39	372,7	63,67	0,6555	7,536e+004	1,025e+004	-1,093e+004	6968	-5270	10,82	106,2	341,5	130,9	13,78
10	2,623e+004	7,673e+004	207,2	325,7	118,5	128,6	301,3	148,0	12,74	79,95	135,2	145,7	13,72	370,4	64,60	0,7035	9,464e+004	1,032e+004	-1,237e+004	7426	-4461	12,74	109,9	320,7	122,5	14,01
11	 	 	 	 	 	 	 	 	 	 	 	 	 	 	 	 	 	 	 	 	 	 	 	 	 	 
12	2,563e+004	7,810e+004	210,9	325,2	114,3	129,4	303,5	145,4	12,14	78,48	133,3	141,2	12,14	370,4	66,50	0,6697	9,286e+004	1,017e+004	-1,181e+004	7567	-4780	12,27	104,5	317,1	122,2	13,62
13	2,730e+004	8,004e+004	216,1	332,2	116,1	126,1	299,4	146,9	11,16	79,22	135,8	142,1	14,93	370,4	66,65	0,6575	8,570e+004	1,030e+004	-1,148e+004	7611	-4796	11,26	105,6	324,3	118,1	13,99
14	2,780e+004	8,186e+004	219,7	344,5	124,8	137,4	326,1	145,3	10,17	78,62	135,2	141,4	13,16	372,7	63,90	0,6435	7,761e+004	1,035e+004	-1,093e+004	7048	-5136	10,17	106,2	343,8	128,2	13,67
15	2,504e+004	7,455e+004	202,5	315,2	112,7	123,2	301,9	146,3	12,44	78,29	133,9	140,9	12,44	368,1	65,25	0,6958	9,708e+004	1,022e+004	-1,238e+004	7729	-4790	12,56	107,5	310,4	116,7	13,61
16	2,861e+004	8,387e+004	227,8	350,6	122,7	129,9	313,2	146,0	11,15	78,67	134,9	140,5	15,33	368,1	65,49	0,6167	1,083e+005	1,032e+004	-1,054e+004	7862	-5008	11,30	107,3	347,9	124,0	14,25
17	2,626e+004	7,779e+004	207,4	330,6	123,2	129,9	317,9	145,0	11,04	78,85	133,9	140,4	13,49	375,0	63,04	0,6770	8,254e+004	1,022e+004	-1,132e+004	7459	-5189	11,04	110,3	329,0	124,0	13,05
18	2,618e+004	7,594e+004	206,3	320,9	114,6	120,9	301,3	146,4	11,71	78,23	134,7	142,0	13,61	368,1	64,30	0,6883	1,030e+005	1,028e+004	-1,133e+004	8595	-4888	11,99	110,9	320,8	115,6	14,31
19	2,746e+004	8,043e+004	217,2	342,2	125,0	131,0	315,8	145,3	9,818	77,99	135,5	141,4	13,72	370,4	64,01	0,6513	7,636e+004	1,028e+004	-1,035e+004	7652	-4919	9,934	110,7	339,3	126,7	13,84
20	 	 	 	 	 	 	 	 	 	 	 	 	 	 	 	 	 	 	 	 	 	 	 	 	 	 
21	2,758e+004	8,189e+004	221,1	341,4	120,3	129,9	294,6	146,4	10,75	79,23	135,7	144,6	15,29	370,4	65,41	0,6539	1,169e+005	1,032e+004	-1,128e+004	7720	-5736	10,86	113,1	338,0	124,1	13,74
22	2,590e+004	7,755e+004	208,1	327,9	119,8	133,7	305,5	145,2	12,16	79,25	133,0	142,1	12,91	372,7	64,41	0,6830	8,661e+004	1,029e+004	-1,114e+004	7121	-4629	12,16	104,6	323,1	124,1	13,82
23	 	 	 	 	 	 	 	 	 	 	 	 	 	 	 	 	 	 	 	 	 	 	 	 	 	 
24	2,770e+004	8,029e+004	216,8	334,4	117,6	125,9	313,7	148,1	11,68	80,63	136,5	140,9	15,35	370,4	65,23	0,6500	8,021e+004	1,041e+004	-1,003e+004	6844	-5024	11,72	107,7	332,3	119,0	14,51
25	2,823e+004	8,255e+004	224,3	342,5	118,3	130,4	304,4	147,0	10,55	79,50	136,5	142,4	15,27	368,1	66,67	0,6350	7,135e+004	1,034e+004	-1,047e+004	6750	-4366	10,57	106,0	336,4	120,8	14,16
26	2,532e+004	7,759e+004	206,9	324,0	117,1	129,7	307,8	146,3	12,44	80,51	133,8	141,8	12,76	375,0	66,28	0,6854	8,702e+004	1,022e+004	-1,112e+004	6993	-4257	12,44	109,0	312,2	122,2	14,18
27	2,709e+004	7,659e+004	208,1	322,4	114,4	122,6	296,1	148,2	10,37	80,03	137,8	144,0	14,74	368,1	64,97	0,6922	8,168e+004	1,040e+004	-1,145e+004	7875	-4610	10,37	110,1	320,3	114,9	13,30
28	2,500e+004	7,738e+004	208,9	327,1	118,2	126,5	301,7	146,5	12,33	80,15	134,1	140,0	12,46	370,4	65,40	0,6699	3,054e+005	1,030e+004	-1,115e+004	8014	-5280	12,33	104,5	319,4	119,8	14,16
29	 	 	 	 	 	 	 	 	 	 	 	 	 	 	 	 	 	 	 	 	 	 	 	 	 	 
30	2,792e+004	8,242e+004	221,2	348,8	127,6	135,0	323,4	149,0	10,50	82,05	138,5	145,5	13,95	372,7	63,50	0,6580	1,767e+005	1,043e+004	-1,038e+004	5814	-6257	10,52	112,0	348,3	131,0	14,64
31	 	 	 	 	 	 	 	 	 	 	 	 	 	 	 	 	 	 	 	 	 	 	 	 	 	 
32	 	 	 	 	 	 	 	 	 	 	 	 	 	 	 	 	 	 	 	 	 	 	 	 	 	 
33	 	 	 	 	 	 	 	 	 	 	 	 	 	 	 	 	 	 	 	 	 	 	 	 	 	 
34	2,599e+004	7,347e+004	198,4	323,9	125,6	134,2	311,5	150,5	10,56	83,24	140,0	147,1	15,66	370,4	61,95	0,7416	8,044e+004	1,042e+004	-1,091e+004	7596	-4246	10,59	107,2	320,2	126,6	14,04
35	 	 	 	 	 	 	 	 	 	 	 	 	 	 	 	 	 	 	 	 	 	 	 	 	 	 
36	 	 	 	 	 	 	 	 	 	 	 	 	 	 	 	 	 	 	 	 	 	 	 	 	 	 

	SW (mmHg*킠)	CO (킠/min)	SV (킠)	Vmax (킠)	Vmin (킠)	Ves (킠)	Ved (킠)	Pmax (mmHg)	Pmin (mmHg)	Pmean (mmHg)	Pdev (mmHg)	Pes (mmHg)	Ped (mmHg)	HR (bpm)	EF (%)	Ea (mmHg/킠)	PowMax (mmHg*킠/s)	dP/dt max (mmHg/s)	dP/dt min (mmHg/s)	dV/dt max (킠/s)	dV/dt min (킠/s)	P@dV/dt max (mmHg)	P@dP/dt max (mmHg)	V@dP/dt max (킠)	V@dP/dt min (킠)	Tau (ms)
Avg	2,689e+004	7,935e+004	214,1	334,7	120,6	129,7	308,9	147,0	11,38	79,72	135,6	142,7	13,95	370,6	64,76	0,6673	1,096e+005	1,030e+004	-1,121e+004	7564	-4950	11,44	108,7	330,7	123,3	13,92
Min	2,500e+004	7,347e+004	198,4	315,2	112,7	120,9	294,6	145,0	9,818	77,99	133,0	140,0	12,14	368,1	61,95	0,6167	7,135e+004	1,015e+004	-1,238e+004	5814	-6257	9,934	100,0	310,4	114,9	13,05
Max	2,861e+004	8,387e+004	227,8	354,0	127,8	137,4	326,1	150,5	12,74	83,24	140,0	147,1	15,66	375,0	66,96	0,7416	3,054e+005	1,043e+004	-1,003e+004	9462	-4246	12,74	114,4	353,5	131,0	14,64
Count	24	24	24	24	24	24	24	24	24	24	24	24	24	24	24	24	24	24	24	24	24	24	24	24	24	24
