	SW (mmHg*킠)	CO (킠/min)	SV (킠)	Vmax (킠)	Vmin (킠)	Ves (킠)	Ved (킠)	Pmax (mmHg)	Pmin (mmHg)	Pmean (mmHg)	Pdev (mmHg)	Pes (mmHg)	Ped (mmHg)	HR (bpm)	EF (%)	Ea (mmHg/킠)	PowMax (mmHg*킠/s)	dP/dt max (mmHg/s)	dP/dt min (mmHg/s)	dV/dt max (킠/s)	dV/dt min (킠/s)	P@dV/dt max (mmHg)	P@dP/dt max (mmHg)	V@dP/dt max (킠)	V@dP/dt min (킠)	PVA (mmHg*킠)	PE (mmHg*킠)	CE	Tau (ms)
1	 	 	 	 	 	 	 	 	 	 	 	 	 	 	 	 	 	 	 	 	 	 	 	 	 	 	 	 	 
2	 	 	 	 	 	 	 	 	 	 	 	 	 	 	 	 	 	 	 	 	 	 	 	 	 	 	 	 	 
3	 	 	 	 	 	 	 	 	 	 	 	 	 	 	 	 	 	 	 	 	 	 	 	 	 	 	 	 	 
4	 	 	 	 	 	 	 	 	 	 	 	 	 	 	 	 	 	 	 	 	 	 	 	 	 	 	 	 	 
5	2,111e+004	6,079e+004	228,0	357,5	129,5	133,6	338,5	109,6	-0,3557	54,57	109,9	104,0	2,996	266,7	64,81	0,4560	1,808e+005	4269	-4173	6565	-5273	0,2531	68,48	351,7	129,5	3,428e+004	1,317e+004	0,6158	20,24
6	1,854e+004	5,505e+004	208,3	338,1	129,9	133,1	322,3	107,7	-1,054	51,99	108,7	103,9	2,052	264,3	61,73	0,4990	2,304e+005	4235	-4330	5791	-3879	-0,2121	72,60	337,4	130,1	3,187e+004	1,333e+004	0,5818	19,77
7	1,643e+004	4,996e+004	188,2	316,6	128,4	134,8	307,9	105,1	-1,539	49,75	106,6	102,2	1,389	265,5	60,42	0,5430	1,973e+005	4118	-4330	5854	-4532	-0,6431	66,25	311,5	128,9	2,930e+004	1,287e+004	0,5608	19,46
8	1,421e+004	4,515e+004	170,1	298,2	128,2	132,3	287,7	102,4	-2,011	47,38	104,4	99,13	0,6636	265,5	57,07	0,5829	1,952e+005	3995	-4269	4377	-4393	-0,8209	68,95	298,0	128,2	2,695e+004	1,274e+004	0,5272	19,12
9	1,193e+004	3,909e+004	147,9	271,0	123,1	127,0	262,1	99,52	-2,367	44,75	101,9	96,55	-0,04789	264,3	54,83	0,6529	1,801e+005	3858	-4200	3738	-3483	-1,307	69,78	269,7	123,1	2,410e+004	1,217e+004	0,4950	18,84
10	1,098e+004	3,767e+004	141,3	252,2	110,9	114,2	242,2	96,53	-2,695	42,84	99,23	92,62	-0,5952	266,7	56,78	0,6556	1,668e+005	3722	-4057	3392	-3085	44,64	62,78	248,8	110,9	2,216e+004	1,119e+004	0,4953	18,62
11	9879	3,375e+004	128,3	233,3	105,0	108,1	214,8	93,51	-3,133	40,07	96,64	90,82	-1,341	263,2	55,81	0,7081	1,348e+005	3585	-4009	2746	-2202	46,66	60,76	229,8	105,2	2,050e+004	1,062e+004	0,4819	18,42
12	8441	3,052e+004	115,5	216,6	101,2	104,9	201,2	90,45	-3,325	38,20	93,78	87,83	-1,656	264,3	53,81	0,7607	1,108e+005	3455	-3968	2444	-2603	40,76	60,91	214,6	101,2	1,864e+004	1,019e+004	0,4529	18,13
13	8164	2,966e+004	112,2	200,9	88,67	91,06	178,5	87,55	-3,455	36,35	91,00	84,33	-2,004	264,3	57,29	0,7515	8,879e+004	3304	-3899	1893	-2377	44,59	60,91	195,9	88,88	1,726e+004	9095	0,4730	17,79
14	7558	2,842e+004	107,0	189,6	82,60	85,44	172,5	84,96	-3,749	35,00	88,71	82,22	-2,299	265,5	56,64	0,7681	8,110e+004	3236	-3715	1973	-2494	37,04	62,06	189,0	82,68	1,636e+004	8802	0,4620	17,32
15	6675	2,611e+004	99,21	177,8	78,61	80,97	160,7	82,08	-3,982	32,95	86,06	79,60	-2,723	263,2	56,92	0,8023	7,357e+004	3044	-3735	1611	-2080	42,86	57,99	174,3	79,04	1,509e+004	8411	0,4425	17,10
16	6136	2,486e+004	94,47	174,1	79,65	82,91	157,1	79,54	-4,091	31,53	83,63	76,77	-2,928	263,2	55,43	0,8126	7,055e+004	2935	-3544	1637	-2263	37,67	54,89	170,4	79,71	1,423e+004	8095	0,4312	16,91
17	5944	2,419e+004	91,91	163,7	71,77	74,60	148,8	77,16	-4,173	30,21	81,33	74,23	-3,003	263,2	58,13	0,8076	4,382e+004	2812	-3516	1489	-2366	-0,5952	47,94	158,1	72,16	1,353e+004	7583	0,4394	16,68
18	5696	2,372e+004	89,73	160,9	71,21	73,59	146,3	75,33	-4,289	29,29	79,62	72,75	-3,072	264,3	56,69	0,8108	5,971e+004	2750	-3407	1627	-2322	-3,044	53,83	158,3	71,46	1,297e+004	7275	0,4391	16,52
19	5306	2,204e+004	83,40	150,3	66,91	68,93	137,7	73,56	-4,324	28,27	77,88	70,02	-3,277	264,3	56,33	0,8396	2,998e+004	2647	-3250	1416	-2081	-3,462	50,66	148,0	67,44	1,225e+004	6946	0,4331	16,19
20	4940	2,139e+004	80,94	147,0	66,08	68,69	133,4	71,95	-4,426	27,47	76,38	69,11	-3,345	264,3	56,13	0,8538	3,695e+004	2586	-3181	1545	-2078	-2,743	45,88	144,2	66,32	1,175e+004	6812	0,4203	16,08
21	5249	2,259e+004	85,48	142,5	57,03	59,09	130,2	70,41	-4,358	26,49	74,77	66,26	-3,551	264,3	61,25	0,7751	3,093e+004	2456	-3092	1475	-2178	-2,182	45,62	139,6	57,61	1,156e+004	6311	0,4541	16,01
22	4925	2,095e+004	79,24	134,8	55,53	56,30	125,5	69,12	-4,536	25,97	73,65	66,07	-3,516	264,3	58,87	0,8338	3,091e+004	2476	-3065	1733	-2007	-3,243	48,22	134,6	56,30	1,108e+004	6155	0,4445	15,59
23	5062	2,154e+004	81,49	131,7	50,17	51,99	122,2	67,67	-4,454	25,14	72,12	62,87	-3,694	264,3	62,56	0,7715	2,112e+004	2367	-2928	1553	-2199	-2,955	44,02	130,3	50,45	1,072e+004	5656	0,4723	15,64
24	5126	2,183e+004	82,60	127,9	45,32	46,23	119,0	66,64	-4,358	24,81	71,00	63,04	-3,639	264,3	64,72	0,7632	3,426e+004	2346	-2860	1885	-2036	-3,906	46,23	127,6	46,14	1,055e+004	5423	0,4859	15,42
25	4764	2,024e+004	76,59	120,0	43,43	44,80	113,7	65,61	-4,495	24,33	70,11	60,89	-3,653	264,3	63,84	0,7950	1,718e+004	2340	-2853	1641	-2259	-3,544	45,21	120,0	43,98	9997	5233	0,4766	15,29
26	 	 	 	 	 	 	 	 	 	 	 	 	 	 	 	 	 	 	 	 	 	 	 	 	 	 	 	 	 
27	 	 	 	 	 	 	 	 	 	 	 	 	 	 	 	 	 	 	 	 	 	 	 	 	 	 	 	 	 
28	 	 	 	 	 	 	 	 	 	 	 	 	 	 	 	 	 	 	 	 	 	 	 	 	 	 	 	 	 
29	 	 	 	 	 	 	 	 	 	 	 	 	 	 	 	 	 	 	 	 	 	 	 	 	 	 	 	 	 
30	 	 	 	 	 	 	 	 	 	 	 	 	 	 	 	 	 	 	 	 	 	 	 	 	 	 	 	 	 
31	 	 	 	 	 	 	 	 	 	 	 	 	 	 	 	 	 	 	 	 	 	 	 	 	 	 	 	 	 

	SW (mmHg*킠)	CO (킠/min)	SV (킠)	Vmax (킠)	Vmin (킠)	Ves (킠)	Ved (킠)	Pmax (mmHg)	Pmin (mmHg)	Pmean (mmHg)	Pdev (mmHg)	Pes (mmHg)	Ped (mmHg)	HR (bpm)	EF (%)	Ea (mmHg/킠)	PowMax (mmHg*킠/s)	dP/dt max (mmHg/s)	dP/dt min (mmHg/s)	dV/dt max (킠/s)	dV/dt min (킠/s)	P@dV/dt max (mmHg)	P@dP/dt max (mmHg)	V@dP/dt max (킠)	V@dP/dt min (킠)	PVA (mmHg*킠)	PE (mmHg*킠)	CE	Tau (ms)
Avg	8908	3,141e+004	118,7	205,0	86,34	89,18	191,5	84,59	-3,389	35,59	87,98	81,20	-1,773	264,5	58,58	0,7259	9,595e+004	3168	-3637	2685	-2771	12,66	56,86	202,5	86,63	1,786e+004	8956	0,4802	17,39
Min	4764	2,024e+004	76,59	120,0	43,43	44,80	113,7	65,61	-4,536	24,33	70,11	60,89	-3,694	263,2	53,81	0,4560	1,718e+004	2340	-4330	1416	-5273	-3,906	44,02	120,0	43,98	9997	5233	0,4203	15,29
Max	2,111e+004	6,079e+004	228,0	357,5	129,9	134,8	338,5	109,6	-0,3557	54,57	109,9	104,0	2,996	266,7	64,81	0,8538	2,304e+005	4269	-2853	6565	-2007	46,66	72,60	351,7	130,1	3,428e+004	1,333e+004	0,6158	20,24
Count	21	21	21	21	21	21	21	21	21	21	21	21	21	21	21	21	21	21	21	21	21	21	21	21	21	21	21	21	21
