	SW (mmHg*킠)	CO (킠/min)	SV (킠)	Vmax (킠)	Vmin (킠)	Ves (킠)	Ved (킠)	Pmax (mmHg)	Pmin (mmHg)	Pmean (mmHg)	Pdev (mmHg)	Pes (mmHg)	Ped (mmHg)	HR (bpm)	EF (%)	Ea (mmHg/킠)	PowMax (mmHg*킠/s)	dP/dt max (mmHg/s)	dP/dt min (mmHg/s)	dV/dt max (킠/s)	dV/dt min (킠/s)	P@dV/dt max (mmHg)	P@dP/dt max (mmHg)	V@dP/dt max (킠)	V@dP/dt min (킠)	Tau (ms)
1	 	 	 	 	 	 	 	 	 	 	 	 	 	 	 	 	 	 	 	 	 	 	 	 	 	 
2	 	 	 	 	 	 	 	 	 	 	 	 	 	 	 	 	 	 	 	 	 	 	 	 	 	 
3	 	 	 	 	 	 	 	 	 	 	 	 	 	 	 	 	 	 	 	 	 	 	 	 	 	 
4	 	 	 	 	 	 	 	 	 	 	 	 	 	 	 	 	 	 	 	 	 	 	 	 	 	 
5	 	 	 	 	 	 	 	 	 	 	 	 	 	 	 	 	 	 	 	 	 	 	 	 	 	 
6	 	 	 	 	 	 	 	 	 	 	 	 	 	 	 	 	 	 	 	 	 	 	 	 	 	 
7	6242	4,927e+004	138,0	237,3	99,35	168,6	152,0	122,8	0,6771	56,79	122,1	116,3	3,016	357,1	67,40	0,8434	3,204e+005	6429	-5567	3709	-2143	75,23	75,23	204,7	156,6	11,72
8	6086	5,003e+004	139,2	236,7	97,44	167,8	153,3	122,0	0,5677	56,56	121,4	116,2	3,132	359,3	70,25	0,8343	3,424e+005	6313	-5478	3520	-2160	76,18	69,94	198,2	155,8	11,88
9	5722	4,876e+004	136,5	234,6	98,08	165,6	147,8	121,4	0,5950	55,80	120,8	115,7	2,818	357,1	70,47	0,8478	3,376e+005	6285	-5540	3558	-2147	60,89	67,17	193,7	154,1	11,87
10	6045	4,846e+004	135,7	235,3	99,64	163,4	151,1	121,1	0,6839	55,85	120,4	115,6	2,934	357,1	68,32	0,8522	3,177e+005	6244	-5567	3226	-2103	91,48	73,23	198,6	153,6	11,69
11	6324	4,939e+004	138,3	235,2	96,91	162,4	151,1	121,0	0,4719	55,75	120,5	115,6	2,743	357,1	69,20	0,8360	3,132e+005	6292	-5485	3493	-2171	78,84	72,57	199,9	151,7	11,66
12	6423	4,894e+004	137,9	236,2	98,38	161,1	147,4	120,7	0,6087	55,38	120,1	115,5	2,763	355,0	69,70	0,8381	3,085e+005	6217	-5444	3889	-2576	35,58	64,93	197,8	150,6	11,76
13	6057	4,731e+004	132,5	230,5	98,02	159,5	147,8	120,6	0,5882	55,77	120,0	115,4	2,722	357,1	66,33	0,8708	2,790e+005	6279	-5519	3527	-2064	36,97	73,12	199,7	152,7	11,71
14	6252	4,586e+004	128,4	226,1	97,71	161,7	150,2	120,5	0,7045	55,70	119,8	115,4	2,606	357,1	63,88	0,8989	2,509e+005	6272	-5458	3290	-2139	40,28	70,53	201,0	152,2	11,83
15	6111	4,657e+004	130,4	226,1	95,73	161,2	151,8	120,2	0,5403	55,47	119,7	115,8	2,613	357,1	65,93	0,8881	2,838e+005	6292	-5526	3053	-2227	63,95	70,24	197,8	151,9	11,73
16	5821	4,576e+004	128,1	222,3	94,19	159,3	147,3	119,7	0,4719	55,11	119,3	115,3	2,531	357,1	66,57	0,9002	2,642e+005	6197	-5478	2795	-2187	33,86	68,98	192,5	149,5	11,69
17	5661	4,462e+004	125,7	219,1	93,42	158,5	145,5	119,2	0,4651	54,43	118,7	114,1	2,373	355,0	66,16	0,9079	2,684e+005	6156	-5513	2839	-2110	84,73	72,57	190,0	146,9	11,44
18	5651	4,494e+004	125,8	219,3	93,46	158,7	147,3	118,7	0,3898	54,40	118,3	113,7	2,490	357,1	66,40	0,9039	2,666e+005	6121	-5465	2820	-2111	88,25	70,38	189,5	147,9	11,44
19	5811	4,478e+004	126,9	218,0	91,14	154,1	145,5	118,4	0,3009	53,58	118,1	111,1	2,339	352,9	67,89	0,8754	2,771e+005	6067	-5519	3027	-2038	85,15	67,12	186,9	143,5	11,26
20	5594	4,424e+004	125,4	217,0	91,66	154,7	142,1	118,1	0,2531	53,67	117,8	111,9	2,496	352,9	67,51	0,8923	2,417e+005	6026	-5499	3257	-2028	45,52	63,30	185,7	143,5	11,54
21	5644	4,550e+004	128,9	223,2	94,30	156,3	143,4	118,1	0,4240	53,84	117,7	113,0	2,496	352,9	68,71	0,8764	3,009e+005	6012	-5519	3164	-2082	91,77	68,83	187,6	145,2	11,39
22	5934	4,520e+004	128,1	227,5	99,49	156,2	146,2	118,5	0,7181	54,40	117,8	113,0	2,496	352,9	66,41	0,8825	2,904e+005	6101	-5410	3366	-2100	62,62	68,72	192,8	146,5	11,61

	SW (mmHg*킠)	CO (킠/min)	SV (킠)	Vmax (킠)	Vmin (킠)	Ves (킠)	Ved (킠)	Pmax (mmHg)	Pmin (mmHg)	Pmean (mmHg)	Pdev (mmHg)	Pes (mmHg)	Ped (mmHg)	HR (bpm)	EF (%)	Ea (mmHg/킠)	PowMax (mmHg*킠/s)	dP/dt max (mmHg/s)	dP/dt min (mmHg/s)	dV/dt max (킠/s)	dV/dt min (킠/s)	P@dV/dt max (mmHg)	P@dP/dt max (mmHg)	V@dP/dt max (킠)	V@dP/dt min (킠)	Tau (ms)
Avg	5961	4,685e+004	131,6	227,8	96,18	160,6	148,1	120,1	0,5288	55,16	119,5	114,6	2,661	356,0	67,57	0,8718	2,914e+005	6206	-5499	3283	-2149	65,71	69,80	194,8	150,1	11,64
Min	5594	4,424e+004	125,4	217,0	91,14	154,1	142,1	118,1	0,2531	53,58	117,7	111,1	2,339	352,9	63,88	0,8343	2,417e+005	6012	-5567	2795	-2576	33,86	63,30	185,7	143,5	11,26
Max	6423	5,003e+004	139,2	237,3	99,64	168,6	153,3	122,8	0,7181	56,79	122,1	116,3	3,132	359,3	70,47	0,9079	3,424e+005	6429	-5410	3889	-2028	91,77	75,23	204,7	156,6	11,88
Count	16	16	16	16	16	16	16	16	16	16	16	16	16	16	16	16	16	16	16	16	16	16	16	16	16	16
