	SW (mmHg*킠)	CO (킠/min)	SV (킠)	Vmax (킠)	Vmin (킠)	Ves (킠)	Ved (킠)	Pmax (mmHg)	Pmin (mmHg)	Pmean (mmHg)	Pdev (mmHg)	Pes (mmHg)	Ped (mmHg)	HR (bpm)	EF (%)	Ea (mmHg/킠)	PowMax (mmHg*킠/s)	dP/dt max (mmHg/s)	dP/dt min (mmHg/s)	dV/dt max (킠/s)	dV/dt min (킠/s)	P@dV/dt max (mmHg)	P@dP/dt max (mmHg)	V@dP/dt max (킠)	V@dP/dt min (킠)	PVA (mmHg*킠)	PE (mmHg*킠)	CE	Tau (ms)
1	 	 	 	 	 	 	 	 	 	 	 	 	 	 	 	 	 	 	 	 	 	 	 	 	 	 	 	 	 
2	 	 	 	 	 	 	 	 	 	 	 	 	 	 	 	 	 	 	 	 	 	 	 	 	 	 	 	 	 
3	 	 	 	 	 	 	 	 	 	 	 	 	 	 	 	 	 	 	 	 	 	 	 	 	 	 	 	 	 
4	1,215e+004	7,150e+004	205,0	311,4	106,5	195,5	203,2	121,2	-0,01368	55,08	121,3	114,9	2,838	348,8	73,34	0,5606	3,842e+005	6956	-5253	5064	-3057	33,25	77,96	279,5	182,0	1,944e+004	7284	0,6253	11,82
5	1,023e+004	6,512e+004	185,6	285,9	100,3	178,9	179,5	119,2	-0,5266	53,17	119,7	112,9	2,346	350,9	73,54	0,6085	3,524e+005	6778	-5362	4650	-3716	46,00	78,68	252,4	164,3	1,610e+004	5871	0,6353	11,68
6	8356	5,825e+004	168,9	262,7	93,79	170,8	159,0	116,4	-1,190	49,54	117,5	110,4	1,423	344,8	71,68	0,6538	3,175e+005	6518	-5513	4362	-3112	32,01	80,70	235,6	160,5	1,392e+004	5559	0,6005	11,28
7	6680	5,177e+004	150,1	237,9	87,78	164,4	155,1	113,6	-1,689	46,95	115,3	106,4	0,8481	344,8	72,09	0,7088	3,060e+005	6251	-5677	3242	-2272	87,52	75,64	208,3	150,4	1,139e+004	4714	0,5863	10,71
8	5723	4,704e+004	137,2	220,8	83,62	151,9	143,4	110,6	-2,209	44,11	112,8	103,2	0,5608	342,9	70,96	0,7519	2,438e+005	5937	-5868	3098	-2245	35,09	74,95	193,3	139,6	9636	3913	0,5940	10,51
9	5294	4,427e+004	129,1	209,5	80,42	140,2	131,5	107,7	-2,421	42,05	110,2	98,84	0,08891	342,9	70,66	0,7655	2,487e+005	5738	-6046	3307	-2433	46,67	69,08	182,7	130,8	8574	3279	0,6175	10,28
10	4552	4,136e+004	121,3	197,6	76,30	133,9	119,9	104,7	-2,791	39,57	107,5	95,77	-0,3899	340,9	69,39	0,7893	2,324e+005	5410	-6087	3287	-2167	52,87	68,99	174,9	125,5	7587	3035	0,6000	10,21
11	4071	3,909e+004	114,7	187,8	73,10	130,1	116,2	101,7	-3,146	37,70	104,9	93,24	-0,5950	340,9	69,98	0,8131	2,117e+005	5143	-6026	2882	-1939	48,20	63,43	163,8	120,1	6780	2710	0,6003	9,972
12	3453	3,624e+004	105,7	178,2	72,49	128,6	112,4	98,67	-3,310	36,11	102,0	89,70	-0,5814	342,9	67,92	0,8487	1,823e+005	4890	-5957	2863	-1715	36,27	60,03	155,6	118,2	5964	2511	0,5790	9,778
13	3316	3,535e+004	103,7	176,0	72,33	123,2	106,5	95,97	-3,557	34,38	99,53	86,54	-0,9028	340,9	68,33	0,8346	1,923e+005	4671	-5834	3151	-1820	39,11	57,55	151,8	113,6	5593	2277	0,5929	9,586
14	3336	3,490e+004	102,9	172,7	69,74	116,8	102,4	93,89	-3,666	33,16	97,55	83,67	-1,382	339,0	69,85	0,8128	1,950e+005	4582	-5636	3186	-1964	54,71	54,71	147,4	108,8	5307	1971	0,6286	9,554
15	2949	3,307e+004	98,66	166,2	67,59	116,2	100,2	91,61	-3,946	31,51	95,55	82,53	-1,758	335,2	68,43	0,8365	1,731e+005	4384	-5294	2934	-1809	50,38	54,76	144,2	107,9	4974	2026	0,5927	9,561
16	2664	3,155e+004	93,60	160,4	66,81	117,2	100,4	89,40	-4,131	30,56	93,53	81,69	-1,792	337,1	67,15	0,8728	1,659e+005	4240	-5232	2546	-1757	65,17	53,04	139,4	107,3	4642	1978	0,5739	9,400
17	2536	3,088e+004	92,14	157,9	65,80	116,9	98,66	87,40	-4,206	29,46	91,61	79,95	-2,059	335,2	66,57	0,8677	1,489e+005	4090	-5054	2518	-1586	41,79	53,98	138,4	105,3	4409	1873	0,5751	9,421
18	2570	3,027e+004	90,31	156,9	66,55	112,6	96,58	85,42	-4,261	28,60	89,68	76,81	-2,107	335,2	64,93	0,8506	1,433e+005	3933	-4959	2592	-1623	46,39	54,22	139,1	103,2	4314	1744	0,5956	9,308
19	2731	3,006e+004	89,67	156,5	66,82	109,2	94,52	84,08	-4,507	27,98	88,58	75,41	-2,373	335,2	64,27	0,8410	1,411e+005	3871	-4781	2844	-1814	26,84	53,29	139,5	99,66	4296	1565	0,6356	9,225
20	2505	2,874e+004	86,22	152,0	65,74	108,0	94,20	81,65	-4,411	26,79	86,06	73,76	-2,551	333,3	62,71	0,8555	1,197e+005	3673	-4623	2524	-1635	32,72	50,91	137,5	100,9	4201	1697	0,5961	9,265
21	2446	2,868e+004	86,05	150,9	64,88	112,3	96,48	80,16	-4,603	26,21	84,76	73,59	-2,305	333,3	64,48	0,8551	1,110e+005	3604	-4500	2507	-1492	26,29	43,88	133,5	101,8	4148	1702	0,5898	9,139
22	2419	2,791e+004	84,18	148,6	64,41	109,1	93,17	78,86	-4,569	25,62	83,43	71,59	-2,565	331,5	64,08	0,8504	1,099e+005	3543	-4391	2534	-1518	23,14	43,88	131,4	98,42	3935	1515	0,6149	9,344
23	 	 	 	 	 	 	 	 	 	 	 	 	 	 	 	 	 	 	 	 	 	 	 	 	 	 	 	 	 
24	 	 	 	 	 	 	 	 	 	 	 	 	 	 	 	 	 	 	 	 	 	 	 	 	 	 	 	 	 
25	 	 	 	 	 	 	 	 	 	 	 	 	 	 	 	 	 	 	 	 	 	 	 	 	 	 	 	 	 
26	 	 	 	 	 	 	 	 	 	 	 	 	 	 	 	 	 	 	 	 	 	 	 	 	 	 	 	 	 

	SW (mmHg*킠)	CO (킠/min)	SV (킠)	Vmax (킠)	Vmin (킠)	Ves (킠)	Ved (킠)	Pmax (mmHg)	Pmin (mmHg)	Pmean (mmHg)	Pdev (mmHg)	Pes (mmHg)	Ped (mmHg)	HR (bpm)	EF (%)	Ea (mmHg/킠)	PowMax (mmHg*킠/s)	dP/dt max (mmHg/s)	dP/dt min (mmHg/s)	dV/dt max (킠/s)	dV/dt min (킠/s)	P@dV/dt max (mmHg)	P@dP/dt max (mmHg)	V@dP/dt max (킠)	V@dP/dt min (킠)	PVA (mmHg*킠)	PE (mmHg*킠)	CE	Tau (ms)
Avg	4631	4,032e+004	118,2	194,2	76,05	133,5	121,2	98,01	-3,113	36,77	101,1	90,05	-0,6976	339,8	68,44	0,7883	2,094e+005	4959	-5373	3163	-2088	43,39	61,56	171,0	123,1	7643	3012	0,6018	10,00
Min	2419	2,791e+004	84,18	148,6	64,41	108,0	93,17	78,86	-4,603	25,62	83,43	71,59	-2,565	331,5	62,71	0,5606	1,099e+005	3543	-6087	2507	-3716	23,14	43,88	131,4	98,42	3935	1515	0,5739	9,139
Max	1,215e+004	7,150e+004	205,0	311,4	106,5	195,5	203,2	121,2	-0,01368	55,08	121,3	114,9	2,838	350,9	73,54	0,8728	3,842e+005	6956	-4391	5064	-1492	87,52	80,70	279,5	182,0	1,944e+004	7284	0,6356	11,82
Count	19	19	19	19	19	19	19	19	19	19	19	19	19	19	19	19	19	19	19	19	19	19	19	19	19	19	19	19	19
