	SW (mmHg*킠)	CO (킠/min)	SV (킠)	Vmax (킠)	Vmin (킠)	Ves (킠)	Ved (킠)	Pmax (mmHg)	Pmin (mmHg)	Pmean (mmHg)	Pdev (mmHg)	Pes (mmHg)	Ped (mmHg)	HR (bpm)	EF (%)	Ea (mmHg/킠)	PowMax (mmHg*킠/s)	dP/dt max (mmHg/s)	dP/dt min (mmHg/s)	dV/dt max (킠/s)	dV/dt min (킠/s)	P@dV/dt max (mmHg)	P@dP/dt max (mmHg)	V@dP/dt max (킠)	V@dP/dt min (킠)	PVA (mmHg*킠)	PE (mmHg*킠)	CE	Tau (ms)
1	4,654e+004	2,061e+005	549,7	834,7	285,0	395,4	459,6	139,9	2,407	69,73	137,5	136,5	4,788	375,0	71,47	0,2482	1,451e+006	9083	-5971	2,161e+004	-1,731e+004	44,55	94,79	769,2	374,4	7,164e+004	2,510e+004	0,6496	12,25
2	4,537e+004	2,049e+005	549,9	816,2	266,3	360,5	434,8	137,5	2,045	66,94	135,5	134,5	4,165	372,7	72,73	0,2447	1,730e+006	9021	-6087	2,402e+004	-1,406e+004	61,28	96,21	756,1	346,5	6,789e+004	2,252e+004	0,6682	12,02
3	4,081e+004	1,931e+005	518,2	761,0	242,8	335,4	376,7	135,4	1,539	63,84	133,9	130,8	3,734	372,7	74,06	0,2524	1,751e+006	8809	-6299	2,350e+004	-1,325e+004	62,82	97,13	699,7	321,5	5,952e+004	1,871e+004	0,6856	11,60
4	3,218e+004	1,746e+005	468,6	684,5	215,9	331,1	345,5	132,5	1,033	60,26	131,5	125,3	3,078	372,7	76,54	0,2673	1,673e+006	8543	-6716	2,019e+004	-1,273e+004	69,07	94,23	612,2	306,7	4,910e+004	1,691e+004	0,6555	11,25
5	2,635e+004	1,433e+005	386,8	580,0	193,2	307,5	322,4	128,9	0,1641	55,79	128,7	121,8	2,476	370,4	72,86	0,3149	1,032e+006	8016	-7017	1,565e+004	-9444	46,19	83,56	530,9	292,0	4,171e+004	1,536e+004	0,6317	10,99
6	 	 	 	 	 	 	 	 	 	 	 	 	 	 	 	 	 	 	 	 	 	 	 	 	 	 	 	 	 
7	 	 	 	 	 	 	 	 	 	 	 	 	 	 	 	 	 	 	 	 	 	 	 	 	 	 	 	 	 
8	 	 	 	 	 	 	 	 	 	 	 	 	 	 	 	 	 	 	 	 	 	 	 	 	 	 	 	 	 
9	8815	7,379e+004	198,0	329,4	131,4	213,8	185,7	109,0	-1,956	40,54	111,0	99,55	0,2873	372,7	66,70	0,5028	4,037e+005	5834	-6320	7478	-4592	30,76	68,83	296,9	200,5	1,548e+004	6661	0,5696	10,06
10	8550	7,085e+004	191,3	320,3	129,0	197,8	173,8	104,1	-2,223	37,46	106,4	95,09	-0,1505	370,4	66,98	0,4971	3,917e+005	5369	-5978	7017	-5788	37,79	68,88	285,6	183,3	1,405e+004	5496	0,6087	9,943
11	7157	6,568e+004	177,3	298,6	121,3	190,9	159,7	99,87	-2,462	35,25	102,3	91,12	-0,3351	370,4	68,20	0,5139	3,808e+005	5020	-5704	6476	-4662	28,65	61,90	260,0	174,3	1,199e+004	4829	0,5971	9,559
12	5431	5,567e+004	149,4	268,2	118,9	189,8	153,1	96,03	-2,695	33,47	98,72	89,30	-0,7045	372,7	63,12	0,5978	3,061e+005	4719	-5355	5456	-3215	30,60	57,66	236,6	171,0	1,007e+004	4636	0,5395	9,360
13	5597	5,267e+004	142,2	265,8	123,6	185,8	157,8	92,24	-2,941	31,42	95,18	85,40	-1,320	370,4	58,82	0,6005	2,816e+005	4459	-5054	4861	-3185	49,77	58,66	241,8	166,6	1,027e+004	4672	0,5450	9,184
14	5826	5,054e+004	137,3	260,3	123,0	180,7	160,3	88,98	-3,105	29,82	92,09	83,15	-1,429	368,1	58,03	0,6056	2,276e+005	4227	-4808	4416	-3451	23,75	51,93	236,6	160,3	1,018e+004	4356	0,5722	9,306
15	5906	5,067e+004	138,5	260,5	122,0	176,5	155,9	86,67	-3,269	28,74	89,94	80,29	-1,546	365,9	58,29	0,5797	2,476e+005	4090	-4630	5615	-3573	37,41	49,53	237,6	156,4	1,001e+004	4109	0,5897	9,072
16	 	 	 	 	 	 	 	 	 	 	 	 	 	 	 	 	 	 	 	 	 	 	 	 	 	 	 	 	 
17	 	 	 	 	 	 	 	 	 	 	 	 	 	 	 	 	 	 	 	 	 	 	 	 	 	 	 	 	 
18	 	 	 	 	 	 	 	 	 	 	 	 	 	 	 	 	 	 	 	 	 	 	 	 	 	 	 	 	 
19	 	 	 	 	 	 	 	 	 	 	 	 	 	 	 	 	 	 	 	 	 	 	 	 	 	 	 	 	 

	SW (mmHg*킠)	CO (킠/min)	SV (킠)	Vmax (킠)	Vmin (킠)	Ves (킠)	Ved (킠)	Pmax (mmHg)	Pmin (mmHg)	Pmean (mmHg)	Pdev (mmHg)	Pes (mmHg)	Ped (mmHg)	HR (bpm)	EF (%)	Ea (mmHg/킠)	PowMax (mmHg*킠/s)	dP/dt max (mmHg/s)	dP/dt min (mmHg/s)	dV/dt max (킠/s)	dV/dt min (킠/s)	P@dV/dt max (mmHg)	P@dP/dt max (mmHg)	V@dP/dt max (킠)	V@dP/dt min (킠)	PVA (mmHg*킠)	PE (mmHg*킠)	CE	Tau (ms)
Avg	1,988e+004	1,118e+005	300,6	473,3	172,7	255,4	257,1	112,6	-0,9553	46,10	113,6	106,1	1,087	371,1	67,32	0,4354	8,230e+005	6433	-5828	1,219e+004	-7939	43,55	73,61	430,3	237,8	3,099e+004	1,111e+004	0,6094	10,38
Min	5431	5,054e+004	137,3	260,3	118,9	176,5	153,1	86,67	-3,269	28,74	89,94	80,29	-1,546	365,9	58,03	0,2447	2,276e+005	4090	-7017	4416	-1,731e+004	23,75	49,53	236,6	156,4	1,001e+004	4109	0,5395	9,072
Max	4,654e+004	2,061e+005	549,9	834,7	285,0	395,4	459,6	139,9	2,407	69,73	137,5	136,5	4,788	375,0	76,54	0,6056	1,751e+006	9083	-4630	2,402e+004	-3185	69,07	97,13	769,2	374,4	7,164e+004	2,510e+004	0,6856	12,25
Count	12	12	12	12	12	12	12	12	12	12	12	12	12	12	12	12	12	12	12	12	12	12	12	12	12	12	12	12	12
