	SW (mmHg*킠)	CO (킠/min)	SV (킠)	Vmax (킠)	Vmin (킠)	Ves (킠)	Ved (킠)	Pmax (mmHg)	Pmin (mmHg)	Pmean (mmHg)	Pdev (mmHg)	Pes (mmHg)	Ped (mmHg)	HR (bpm)	EF (%)	Ea (mmHg/킠)	PowMax (mmHg*킠/s)	dP/dt max (mmHg/s)	dP/dt min (mmHg/s)	dV/dt max (킠/s)	dV/dt min (킠/s)	P@dV/dt max (mmHg)	P@dP/dt max (mmHg)	V@dP/dt max (킠)	V@dP/dt min (킠)	PVA (mmHg*킠)	PE (mmHg*킠)	CE	Tau (ms)
1	 	 	 	 	 	 	 	 	 	 	 	 	 	 	 	 	 	 	 	 	 	 	 	 	 	 	 	 	 
2	 	 	 	 	 	 	 	 	 	 	 	 	 	 	 	 	 	 	 	 	 	 	 	 	 	 	 	 	 
3	 	 	 	 	 	 	 	 	 	 	 	 	 	 	 	 	 	 	 	 	 	 	 	 	 	 	 	 	 
4	3,491e+004	1,173e+005	307,0	396,8	89,78	91,25	329,3	152,3	0,6088	73,58	151,6	148,5	2,038	382,2	88,16	0,4835	8,923e+005	1,419e+004	-1,119e+004	6963	-1,059e+004	0,9918	103,0	348,3	94,19	4,699e+004	1,208e+004	0,7430	9,284
5	3,194e+004	1,061e+005	281,1	363,6	82,51	83,73	311,4	147,7	0,2326	69,26	147,4	144,1	1,436	377,4	87,19	0,5127	7,985e+005	1,411e+004	-1,057e+004	6395	-9899	0,4856	104,7	322,4	86,66	4,251e+004	1,056e+004	0,7515	9,395
6	2,973e+004	9,814e+004	258,4	330,0	71,60	72,55	284,8	144,2	-0,2462	65,72	144,4	138,4	1,416	379,7	86,40	0,5354	6,195e+005	1,391e+004	-1,010e+004	6123	-9234	0,01368	106,0	299,1	74,60	3,827e+004	8533	0,7770	9,359
7	2,725e+004	9,067e+004	237,3	300,7	63,43	64,80	263,7	140,2	-0,7661	61,94	141,0	133,1	1,218	382,2	86,62	0,5609	5,597e+005	1,354e+004	-9001	6120	-9110	-0,3557	105,9	273,9	64,95	3,401e+004	6760	0,8012	9,664
8	2,502e+004	8,277e+004	217,9	275,5	57,56	59,25	245,4	135,9	-1,129	57,67	137,0	126,7	0,5404	379,7	84,89	0,5812	4,606e+005	1,309e+004	-8222	5689	-8264	-0,6293	107,1	256,7	58,28	3,059e+004	5563	0,8181	9,640
9	2,288e+004	7,727e+004	203,5	256,0	52,52	54,41	223,8	131,7	-1,560	54,34	133,2	121,3	0,3762	379,7	84,18	0,5963	3,859e+005	1,254e+004	-7743	5731	-8079	-1,252	108,0	241,7	52,92	2,760e+004	4720	0,8290	9,716
10	2,132e+004	7,195e+004	188,3	238,3	50,01	51,84	215,3	127,9	-1,888	52,00	129,8	116,0	0,3146	382,2	83,18	0,6159	2,920e+005	1,230e+004	-7326	5628	-7637	-1,518	96,61	226,4	50,42	2,561e+004	4295	0,8323	9,742
11	2,056e+004	6,864e+004	183,0	228,7	45,63	47,59	216,0	124,5	-2,250	48,87	126,7	111,9	-0,2599	375,0	83,57	0,6112	2,350e+005	1,197e+004	-7093	5533	-7327	-1,819	97,22	219,0	46,03	2,438e+004	3821	0,8433	9,676
12	2,047e+004	7,024e+004	185,0	227,9	42,91	44,51	215,6	121,5	-2,572	47,66	124,1	108,8	0,4925	379,7	84,53	0,5881	2,169e+005	1,161e+004	-7100	5380	-7734	-2,038	97,46	218,8	43,36	2,392e+004	3448	0,8559	9,295
13	2,001e+004	6,950e+004	183,0	224,1	41,09	41,87	217,3	119,3	-2,620	46,23	121,9	105,0	0,4036	379,7	84,87	0,5736	1,527e+005	1,131e+004	-6819	5313	-7631	-2,045	95,71	215,6	42,31	2,333e+004	3320	0,8577	9,479
14	1,956e+004	6,756e+004	177,9	219,7	41,75	42,84	219,7	117,4	-2,688	45,03	120,1	105,1	0,4446	379,7	84,59	0,5908	8,037e+004	1,101e+004	-6573	4991	-7204	-2,141	94,31	210,3	42,39	2,257e+004	3007	0,8668	9,294
15	 	 	 	 	 	 	 	 	 	 	 	 	 	 	 	 	 	 	 	 	 	 	 	 	 	 	 	 	 
16	1,818e+004	6,804e+004	179,2	213,8	34,64	35,90	213,8	113,2	-3,269	42,52	116,5	98,84	-0,3967	379,7	92,21	0,5517	2,905e+004	1,041e+004	-6129	4887	-6447	-2,544	89,35	194,3	35,49	2,074e+004	2557	0,8767	9,011
17	1,666e+004	6,416e+004	169,0	201,6	32,63	33,30	201,6	110,7	-3,358	41,18	114,1	95,47	-0,6088	379,7	92,39	0,5651	3,308e+004	1,003e+004	-6005	4653	-6304	-2,524	86,44	182,9	34,05	1,914e+004	2482	0,8703	8,812
18	1,616e+004	6,439e+004	169,6	201,3	31,78	32,72	198,3	108,8	-3,495	40,10	112,3	94,60	-0,6498	379,7	93,97	0,5579	3,422e+004	9740	-5876	4218	-6337	-2,633	83,39	180,4	33,47	1,862e+004	2462	0,8678	8,736
19	1,519e+004	6,407e+004	168,7	200,3	31,62	32,42	200,3	106,6	-3,516	39,04	110,1	93,87	-0,8618	379,7	97,74	0,5564	4,597e+004	9330	-5677	3959	-5728	-2,613	78,59	172,6	35,32	1,777e+004	2576	0,8550	8,689
20	1,402e+004	6,082e+004	160,2	193,4	33,20	34,66	193,4	104,7	-3,673	38,11	108,4	93,58	-0,9166	379,7	97,91	0,5843	3,449e+004	9042	-5698	3727	-5205	-2,798	75,02	163,6	35,88	1,660e+004	2580	0,8446	8,561
21	1,243e+004	5,365e+004	141,3	175,1	33,82	35,23	175,1	102,6	-3,789	37,07	106,4	91,18	-0,9371	379,7	94,07	0,6454	2,361e+004	8625	-5595	3310	-4695	-2,914	80,48	150,2	35,49	1,495e+004	2522	0,8313	8,446
22	1,108e+004	4,894e+004	128,1	159,1	31,01	32,05	159,1	100,5	-3,967	36,35	104,5	87,42	-0,9850	382,2	92,69	0,6826	2,858e+004	8447	-5486	3241	-4043	-3,112	77,80	138,2	33,37	1,341e+004	2329	0,8263	8,113
23	1,051e+004	4,746e+004	125,0	156,0	31,02	32,37	156,0	98,51	-3,912	35,34	102,4	87,19	-1,635	379,7	93,41	0,6976	2,740e+004	8112	-5363	3105	-3901	-3,010	74,45	133,8	33,23	1,293e+004	2421	0,8128	8,144
24	1,004e+004	4,559e+004	120,0	149,9	29,87	31,06	149,9	96,94	-3,995	34,72	100,9	85,66	-1,532	379,7	92,41	0,7136	2,620e+004	7962	-5274	3043	-3817	-3,078	73,24	129,9	32,36	1,232e+004	2282	0,8148	8,068
25	9576	4,466e+004	116,9	146,1	29,23	30,50	146,1	95,12	-3,803	34,29	98,92	83,75	-1,560	382,2	92,84	0,7167	2,289e+004	7668	-5150	2877	-3717	-3,126	71,18	125,9	31,50	1,180e+004	2227	0,8113	8,089
26	8890	4,221e+004	111,2	139,0	27,88	28,91	139,0	93,75	-3,926	33,55	97,67	82,13	-1,833	379,7	93,08	0,7389	2,305e+004	7435	-5144	2662	-3571	-3,269	71,69	119,4	30,54	1,107e+004	2175	0,8034	7,960

	SW (mmHg*킠)	CO (킠/min)	SV (킠)	Vmax (킠)	Vmin (킠)	Ves (킠)	Ved (킠)	Pmax (mmHg)	Pmin (mmHg)	Pmean (mmHg)	Pdev (mmHg)	Pes (mmHg)	Ped (mmHg)	HR (bpm)	EF (%)	Ea (mmHg/킠)	PowMax (mmHg*킠/s)	dP/dt max (mmHg/s)	dP/dt min (mmHg/s)	dV/dt max (킠/s)	dV/dt min (킠/s)	P@dV/dt max (mmHg)	P@dP/dt max (mmHg)	V@dP/dt max (킠)	V@dP/dt min (킠)	PVA (mmHg*킠)	PE (mmHg*킠)	CE	Tau (ms)
Avg	1,893e+004	6,928e+004	182,3	227,1	44,80	46,08	212,5	117,9	-2,526	47,03	120,4	106,9	-0,1589	380,0	89,59	0,6027	2,283e+005	1,074e+004	-6961	4707	-6658	-1,906	89,89	205,6	46,67	2,314e+004	4215	0,8268	8,962
Min	8890	4,221e+004	111,2	139,0	27,88	28,91	139,0	93,75	-3,995	33,55	97,67	82,13	-1,833	375,0	83,18	0,4835	2,289e+004	7435	-1,119e+004	2662	-1,059e+004	-3,269	71,18	119,4	30,54	1,107e+004	2175	0,7430	7,960
Max	3,491e+004	1,173e+005	307,0	396,8	89,78	91,25	329,3	152,3	0,6088	73,58	151,6	148,5	2,038	382,2	97,91	0,7389	8,923e+005	1,419e+004	-5144	6963	-3571	0,9918	108,0	348,3	94,19	4,699e+004	1,208e+004	0,8767	9,742
Count	22	22	22	22	22	22	22	22	22	22	22	22	22	22	22	22	22	22	22	22	22	22	22	22	22	22	22	22	22
