	SW (mmHg*킠)	CO (킠/min)	SV (킠)	Vmax (킠)	Vmin (킠)	Ves (킠)	Ved (킠)	Pmax (mmHg)	Pmin (mmHg)	Pmean (mmHg)	Pdev (mmHg)	Pes (mmHg)	Ped (mmHg)	HR (bpm)	EF (%)	Ea (mmHg/킠)	PowMax (mmHg*킠/s)	dP/dt max (mmHg/s)	dP/dt min (mmHg/s)	dV/dt max (킠/s)	dV/dt min (킠/s)	P@dV/dt max (mmHg)	P@dP/dt max (mmHg)	V@dP/dt max (킠)	V@dP/dt min (킠)	PVA (mmHg*킠)	PE (mmHg*킠)	CE	Tau (ms)
1	 	 	 	 	 	 	 	 	 	 	 	 	 	 	 	 	 	 	 	 	 	 	 	 	 	 	 	 	 
2	 	 	 	 	 	 	 	 	 	 	 	 	 	 	 	 	 	 	 	 	 	 	 	 	 	 	 	 	 
3	 	 	 	 	 	 	 	 	 	 	 	 	 	 	 	 	 	 	 	 	 	 	 	 	 	 	 	 	 
4	 	 	 	 	 	 	 	 	 	 	 	 	 	 	 	 	 	 	 	 	 	 	 	 	 	 	 	 	 
5	1,848e+004	9,273e+004	255,0	427,1	172,1	210,9	355,9	115,0	-2,210	53,14	117,2	101,8	0,3831	363,6	72,68	0,3993	1,003e+006	8593	-8052	1,013e+004	-1,025e+004	99,02	77,45	350,9	191,8	2,681e+004	8337	0,6891	10,22
6	1,823e+004	9,438e+004	258,0	426,6	168,6	211,6	344,5	112,6	-2,627	50,49	115,2	100,7	-0,09578	365,9	74,57	0,3902	1,133e+006	8401	-8264	1,154e+004	-1,128e+004	98,17	79,32	345,9	187,7	2,609e+004	7860	0,6987	9,715
7	1,742e+004	9,195e+004	252,9	410,4	157,6	202,2	334,2	108,9	-2,990	46,53	111,9	97,04	-0,8004	363,6	74,43	0,3838	8,628e+005	7799	-8449	9350	-7732	90,98	78,14	339,7	174,1	2,455e+004	7130	0,7096	9,414
8	1,754e+004	9,218e+004	252,0	398,8	146,9	177,5	326,2	105,9	-3,263	44,15	109,2	91,26	-1,101	365,9	77,55	0,3622	9,184e+005	7423	-8388	9618	-9247	95,48	72,59	324,9	158,8	2,361e+004	6066	0,7430	9,053
9	1,748e+004	8,932e+004	244,1	369,5	125,4	156,5	303,5	102,0	-3,564	41,10	105,5	87,32	-1,731	365,9	79,48	0,3576	6,748e+005	6746	-8039	7896	-7063	85,46	68,96	307,2	132,1	2,192e+004	4444	0,7973	8,997
10	 	 	 	 	 	 	 	 	 	 	 	 	 	 	 	 	 	 	 	 	 	 	 	 	 	 	 	 	 
11	 	 	 	 	 	 	 	 	 	 	 	 	 	 	 	 	 	 	 	 	 	 	 	 	 	 	 	 	 
12	 	 	 	 	 	 	 	 	 	 	 	 	 	 	 	 	 	 	 	 	 	 	 	 	 	 	 	 	 
13	 	 	 	 	 	 	 	 	 	 	 	 	 	 	 	 	 	 	 	 	 	 	 	 	 	 	 	 	 
14	 	 	 	 	 	 	 	 	 	 	 	 	 	 	 	 	 	 	 	 	 	 	 	 	 	 	 	 	 
15	7815	5,267e+004	144,9	247,1	102,2	114,0	166,8	81,95	-4,153	29,24	86,10	70,30	-3,174	363,6	70,63	0,4853	2,585e+005	4242	-5268	4411	-6364	51,90	47,71	205,1	102,7	1,042e+004	2606	0,7499	9,129
16	6931	5,139e+004	137,1	235,1	98,08	110,0	162,9	79,63	-4,132	29,25	83,77	68,57	-3,038	375,0	72,73	0,5003	2,915e+005	4071	-5179	4547	-4903	64,11	43,65	188,4	99,72	9291	2360	0,7460	9,106
17	5737	4,268e+004	120,2	213,4	93,19	120,2	153,3	74,76	-4,071	24,58	78,83	64,49	-3,386	355,0	66,95	0,5365	2,051e+005	3646	-4331	3486	-4415	57,67	44,83	179,6	97,15	8029	2292	0,7145	10,42
18	 	 	 	 	 	 	 	 	 	 	 	 	 	 	 	 	 	 	 	 	 	 	 	 	 	 	 	 	 
19	3411	3,552e+004	97,09	194,3	97,17	112,6	142,6	70,08	-4,064	24,16	74,15	59,28	-3,352	365,9	68,22	0,6106	2,845e+005	3270	-3872	5322	-3420	53,45	39,11	142,3	97,50	5786	2375	0,5895	9,528
20	4138	4,024e+004	110,7	199,6	88,96	106,6	143,9	70,52	-4,153	24,58	74,67	60,49	-3,345	363,6	74,05	0,5466	2,789e+005	3421	-4071	5080	-4680	54,15	40,21	149,5	92,96	6101	1963	0,6782	9,213
21	2573	3,342e+004	91,91	183,3	91,41	120,2	138,7	65,97	-4,064	22,49	70,04	59,94	-3,441	363,6	71,22	0,6522	2,631e+005	2997	-3462	4850	-3451	52,42	37,71	129,1	95,33	4801	2228	0,5360	9,485
22	2939	3,534e+004	96,59	184,8	88,24	113,5	134,7	66,12	-4,160	22,97	70,28	59,98	-3,400	365,9	76,98	0,6210	2,944e+005	3058	-3530	5474	-3980	52,98	35,90	125,5	91,64	4872	1933	0,6032	9,188
23	1885	3,054e+004	83,99	173,9	89,91	119,0	133,0	61,94	-4,077	20,93	66,02	57,96	-3,687	363,6	72,82	0,6901	2,466e+005	2757	-3099	4918	-2917	50,15	34,75	115,3	94,08	4079	2193	0,4622	9,610
24	 	 	 	 	 	 	 	 	 	 	 	 	 	 	 	 	 	 	 	 	 	 	 	 	 	 	 	 	 
25	 	 	 	 	 	 	 	 	 	 	 	 	 	 	 	 	 	 	 	 	 	 	 	 	 	 	 	 	 
26	 	 	 	 	 	 	 	 	 	 	 	 	 	 	 	 	 	 	 	 	 	 	 	 	 	 	 	 	 
27	 	 	 	 	 	 	 	 	 	 	 	 	 	 	 	 	 	 	 	 	 	 	 	 	 	 	 	 	 
28	 	 	 	 	 	 	 	 	 	 	 	 	 	 	 	 	 	 	 	 	 	 	 	 	 	 	 	 	 
29	 	 	 	 	 	 	 	 	 	 	 	 	 	 	 	 	 	 	 	 	 	 	 	 	 	 	 	 	 
30	 	 	 	 	 	 	 	 	 	 	 	 	 	 	 	 	 	 	 	 	 	 	 	 	 	 	 	 	 
31	 	 	 	 	 	 	 	 	 	 	 	 	 	 	 	 	 	 	 	 	 	 	 	 	 	 	 	 	 
32	 	 	 	 	 	 	 	 	 	 	 	 	 	 	 	 	 	 	 	 	 	 	 	 	 	 	 	 	 
33	 	 	 	 	 	 	 	 	 	 	 	 	 	 	 	 	 	 	 	 	 	 	 	 	 	 	 	 	 
34	 	 	 	 	 	 	 	 	 	 	 	 	 	 	 	 	 	 	 	 	 	 	 	 	 	 	 	 	 
35	 	 	 	 	 	 	 	 	 	 	 	 	 	 	 	 	 	 	 	 	 	 	 	 	 	 	 	 	 
36	 	 	 	 	 	 	 	 	 	 	 	 	 	 	 	 	 	 	 	 	 	 	 	 	 	 	 	 	 

	SW (mmHg*킠)	CO (킠/min)	SV (킠)	Vmax (킠)	Vmin (킠)	Ves (킠)	Ved (킠)	Pmax (mmHg)	Pmin (mmHg)	Pmean (mmHg)	Pdev (mmHg)	Pes (mmHg)	Ped (mmHg)	HR (bpm)	EF (%)	Ea (mmHg/킠)	PowMax (mmHg*킠/s)	dP/dt max (mmHg/s)	dP/dt min (mmHg/s)	dV/dt max (킠/s)	dV/dt min (킠/s)	P@dV/dt max (mmHg)	P@dP/dt max (mmHg)	V@dP/dt max (킠)	V@dP/dt min (킠)	PVA (mmHg*킠)	PE (mmHg*킠)	CE	Tau (ms)
Avg	9583	6,018e+004	164,9	281,8	116,9	144,2	218,5	85,80	-3,656	33,35	89,45	75,32	-2,321	364,7	73,25	0,5027	5,165e+005	5109	-5693	6663	-6131	69,69	53,87	223,3	124,3	1,357e+004	3984	0,6706	9,468
Min	1885	3,054e+004	83,99	173,9	88,24	106,6	133,0	61,94	-4,160	20,93	66,02	57,96	-3,687	355,0	66,95	0,3576	2,051e+005	2757	-8449	3486	-1,128e+004	50,15	34,75	115,3	91,64	4079	1933	0,4622	8,997
Max	1,848e+004	9,438e+004	258,0	427,1	172,1	211,6	355,9	115,0	-2,210	53,14	117,2	101,8	0,3831	375,0	79,48	0,6901	1,133e+006	8593	-3099	1,154e+004	-2917	99,02	79,32	350,9	191,8	2,681e+004	8337	0,7973	10,42
Count	13	13	13	13	13	13	13	13	13	13	13	13	13	13	13	13	13	13	13	13	13	13	13	13	13	13	13	13	13
