	SW (mmHg*킠)	CO (킠/min)	SV (킠)	Vmax (킠)	Vmin (킠)	Ves (킠)	Ved (킠)	Pmax (mmHg)	Pmin (mmHg)	Pmean (mmHg)	Pdev (mmHg)	Pes (mmHg)	Ped (mmHg)	HR (bpm)	EF (%)	Ea (mmHg/킠)	PowMax (mmHg*킠/s)	dP/dt max (mmHg/s)	dP/dt min (mmHg/s)	dV/dt max (킠/s)	dV/dt min (킠/s)	P@dV/dt max (mmHg)	P@dP/dt max (mmHg)	V@dP/dt max (킠)	V@dP/dt min (킠)	PVA (mmHg*킠)	PE (mmHg*킠)	CE	Tau (ms)
1	3,634e+004	1,131e+005	286,6	404,5	117,9	128,0	289,3	153,1	6,996	83,15	146,1	143,0	10,80	394,7	71,19	0,4988	3,610e+005	1,333e+004	-9943	7490	-6200	20,61	109,4	402,6	119,3	4,821e+004	1,187e+004	0,7538	11,50
2	 	 	 	 	 	 	 	 	 	 	 	 	 	 	 	 	 	 	 	 	 	 	 	 	 	 	 	 	 
3	3,485e+004	1,125e+005	285,1	381,0	95,90	109,1	260,7	148,0	5,594	77,39	142,4	137,2	9,820	394,7	76,14	0,4811	4,147e+005	1,304e+004	-1,029e+004	7195	-6122	15,82	108,6	374,5	100,4	4,467e+004	9817	0,7802	10,98
4	3,006e+004	9,800e+004	249,9	358,7	108,8	113,3	248,7	141,7	4,965	71,73	136,7	136,0	8,911	392,2	70,97	0,5441	3,255e+005	1,250e+004	-1,013e+004	6622	-6670	18,61	97,70	352,1	108,8	4,100e+004	1,093e+004	0,7333	10,73
5	2,980e+004	1,001e+005	253,5	351,4	97,91	104,0	253,5	139,4	4,042	69,32	135,3	132,3	8,753	394,7	74,34	0,5219	3,992e+005	1,273e+004	-1,014e+004	5679	-6744	23,63	97,18	341,0	97,92	3,946e+004	9661	0,7552	10,39
6	2,650e+004	9,306e+004	237,3	329,0	91,72	96,05	233,2	135,2	2,564	63,77	132,7	126,0	7,878	392,2	75,02	0,5309	3,941e+005	1,202e+004	-9629	4809	-7125	12,35	100,7	316,3	91,84	3,540e+004	8900	0,7486	9,819
7	2,496e+004	8,922e+004	224,5	306,3	81,81	83,74	229,5	132,3	1,402	60,67	130,9	121,3	7,345	397,4	76,09	0,5404	3,223e+005	1,196e+004	-9328	4326	-6843	31,51	88,73	295,1	82,90	3,323e+004	8264	0,7513	9,010
8	2,172e+004	1,181e+005	204,8	281,7	76,94	78,45	208,9	127,7	3,248	80,61	124,5	114,8	5,915	576,9	74,71	0,5605	2,585e+005	1,139e+004	-8726	4034	-5973	14,27	94,62	274,1	79,10	2,956e+004	7835	0,7349	8,687
9	 	 	 	 	 	 	 	 	 	 	 	 	 	 	 	 	 	 	 	 	 	 	 	 	 	 	 	 	 
10	 	 	 	 	 	 	 	 	 	 	 	 	 	 	 	 	 	 	 	 	 	 	 	 	 	 	 	 	 
11	1,582e+004	6,450e+004	163,4	230,3	66,85	70,33	162,4	113,0	-0,2667	45,33	113,2	96,72	3,693	394,7	72,06	0,5919	1,003e+005	8603	-7912	4480	-5876	11,71	77,05	226,8	68,17	2,159e+004	5767	0,7328	8,205
12	2,318e+004	9,128e+004	231,2	278,8	47,56	50,48	191,9	116,9	-3,905	45,99	120,8	92,92	4,281	394,7	84,48	0,4018	2,369e+005	1,045e+004	-7112	5898	-7113	16,44	76,71	273,7	49,14	2,765e+004	4473	0,8383	7,536
13	1,750e+004	7,110e+004	180,1	230,0	49,86	53,00	167,4	110,4	-3,228	42,11	113,6	89,02	2,865	394,7	78,68	0,4942	1,182e+005	8986	-6989	4358	-5752	12,16	78,06	228,9	51,02	2,184e+004	4333	0,8016	7,297
14	1,815e+004	1,097e+005	188,3	227,3	39,05	41,57	165,3	109,8	-4,992	60,20	114,8	81,06	2,770	582,5	83,30	0,4306	1,437e+005	9376	-6182	4456	-5913	17,26	76,16	226,0	41,26	2,155e+004	3404	0,8421	7,042
15	 	 	 	 	 	 	 	 	 	 	 	 	 	 	 	 	 	 	 	 	 	 	 	 	 	 	 	 	 
16	 	 	 	 	 	 	 	 	 	 	 	 	 	 	 	 	 	 	 	 	 	 	 	 	 	 	 	 	 
17	1,006e+004	4,738e+004	119,2	163,6	44,35	46,87	136,6	93,88	-3,146	33,49	97,03	74,36	0,7112	397,4	73,15	0,6237	4,261e+004	6230	-5526	2308	-4275	-0,9779	64,88	163,0	49,07	1,359e+004	3536	0,7399	7,309
18	1,622e+004	7,170e+004	181,6	209,3	27,69	29,77	152,0	99,82	-7,119	33,74	106,9	67,44	1,552	394,7	86,97	0,3713	1,077e+005	7946	-5013	4132	-6767	16,62	63,70	208,8	31,47	1,853e+004	2307	0,8755	6,249
19	1,227e+004	5,687e+004	144,1	175,7	31,62	33,31	141,5	93,52	-5,703	31,69	99,22	68,31	0,5608	394,7	82,42	0,4741	3,942e+004	6729	-4944	2711	-5336	7,563	62,81	174,8	37,04	1,492e+004	2649	0,8225	6,427
20	1,325e+004	6,080e+004	153,0	179,6	26,57	28,85	144,4	94,32	-7,187	30,88	101,5	67,83	0,7591	397,4	85,59	0,4433	4,225e+004	7016	-4589	2934	-5674	6,880	58,06	178,8	31,33	1,554e+004	2285	0,8529	6,158
21	 	 	 	 	 	 	 	 	 	 	 	 	 	 	 	 	 	 	 	 	 	 	 	 	 	 	 	 	 
22	1,144e+004	5,455e+004	137,3	163,1	25,86	28,41	139,3	89,70	-7,666	28,63	97,37	63,17	0,07522	397,4	85,02	0,4602	2,844e+004	6408	-4418	3454	-5293	-3,460	56,90	161,5	30,15	1,339e+004	1950	0,8543	5,902
23	 	 	 	 	 	 	 	 	 	 	 	 	 	 	 	 	 	 	 	 	 	 	 	 	 	 	 	 	 
24	 	 	 	 	 	 	 	 	 	 	 	 	 	 	 	 	 	 	 	 	 	 	 	 	 	 	 	 	 
25	5725	4,301e+004	108,2	135,6	27,40	32,60	116,3	74,92	-4,390	24,25	79,31	58,54	-1,546	397,4	94,15	0,5409	1,710e+004	4575	-4021	3185	-2587	-2,469	22,83	115,0	32,90	7867	2142	0,7277	6,537
26	1,077e+004	5,470e+004	138,6	155,2	16,64	19,11	136,9	84,26	-7,734	25,65	92,00	49,27	-0,4377	394,7	89,49	0,3555	1,321e+004	6127	-4021	3225	-4850	-3,761	33,75	154,9	19,51	1,193e+004	1167	0,9022	4,879
27	7889	4,670e+004	117,5	134,5	16,94	21,37	126,2	78,25	-6,018	24,57	84,26	52,09	-0,8138	397,4	90,83	0,4432	8777	5081	-3966	3180	-3566	-3,057	25,44	129,4	21,06	9293	1403	0,8490	5,208
28	9164	5,035e+004	127,6	142,3	14,77	18,31	131,1	80,88	-6,880	24,22	87,76	50,09	-0,6428	394,7	91,62	0,3927	1,213e+004	5676	-3836	3388	-4408	-3,344	28,91	139,2	19,18	1,041e+004	1246	0,8803	4,784

	SW (mmHg*킠)	CO (킠/min)	SV (킠)	Vmax (킠)	Vmin (킠)	Ves (킠)	Ved (킠)	Pmax (mmHg)	Pmin (mmHg)	Pmean (mmHg)	Pdev (mmHg)	Pes (mmHg)	Ped (mmHg)	HR (bpm)	EF (%)	Ea (mmHg/킠)	PowMax (mmHg*킠/s)	dP/dt max (mmHg/s)	dP/dt min (mmHg/s)	dV/dt max (킠/s)	dV/dt min (킠/s)	P@dV/dt max (mmHg)	P@dP/dt max (mmHg)	V@dP/dt max (킠)	V@dP/dt min (킠)	PVA (mmHg*킠)	PE (mmHg*킠)	CE	Tau (ms)
Avg	1,878e+004	7,734e+004	186,6	241,9	55,31	59,33	181,7	110,8	-1,971	47,87	112,8	91,07	3,663	413,8	80,81	0,4851	1,693e+005	9009	-6835	4393	-5654	10,42	71,11	236,8	58,08	2,398e+004	5197	0,7988	7,733
Min	5725	4,301e+004	108,2	134,5	14,77	18,31	116,3	74,92	-7,734	24,22	79,31	49,27	-1,546	392,2	70,97	0,3555	8777	4575	-1,029e+004	2308	-7125	-3,761	22,83	115,0	19,18	7867	1167	0,7277	4,784
Max	3,634e+004	1,181e+005	286,6	404,5	117,9	128,0	289,3	153,1	6,996	83,15	146,1	143,0	10,80	582,5	94,15	0,6237	4,147e+005	1,333e+004	-3836	7490	-2587	31,51	109,4	402,6	119,3	4,821e+004	1,187e+004	0,9022	11,50
Count	20	20	20	20	20	20	20	20	20	20	20	20	20	20	20	20	20	20	20	20	20	20	20	20	20	20	20	20	20
