	SW (mmHg*킠)	CO (킠/min)	SV (킠)	Vmax (킠)	Vmin (킠)	Ves (킠)	Ved (킠)	Pmax (mmHg)	Pmin (mmHg)	Pmean (mmHg)	Pdev (mmHg)	Pes (mmHg)	Ped (mmHg)	HR (bpm)	EF (%)	Ea (mmHg/킠)	PowMax (mmHg*킠/s)	dP/dt max (mmHg/s)	dP/dt min (mmHg/s)	dV/dt max (킠/s)	dV/dt min (킠/s)	P@dV/dt max (mmHg)	P@dP/dt max (mmHg)	V@dP/dt max (킠)	V@dP/dt min (킠)	PVA (mmHg*킠)	PE (mmHg*킠)	CE	Tau (ms)
1	 	 	 	 	 	 	 	 	 	 	 	 	 	 	 	 	 	 	 	 	 	 	 	 	 	 	 	 	 
2	 	 	 	 	 	 	 	 	 	 	 	 	 	 	 	 	 	 	 	 	 	 	 	 	 	 	 	 	 
3	 	 	 	 	 	 	 	 	 	 	 	 	 	 	 	 	 	 	 	 	 	 	 	 	 	 	 	 	 
4	 	 	 	 	 	 	 	 	 	 	 	 	 	 	 	 	 	 	 	 	 	 	 	 	 	 	 	 	 
5	 	 	 	 	 	 	 	 	 	 	 	 	 	 	 	 	 	 	 	 	 	 	 	 	 	 	 	 	 
6	 	 	 	 	 	 	 	 	 	 	 	 	 	 	 	 	 	 	 	 	 	 	 	 	 	 	 	 	 
7	1,954e+004	7,966e+004	191,2	287,5	96,35	100,6	273,3	110,6	-0,1163	46,88	110,7	94,02	2,312	416,7	66,81	0,4918	3,995e+004	1,105e+004	-8242	4527	-5956	0,2462	81,01	286,1	97,30	2,688e+004	7339	0,7270	7,918
8	1,891e+004	7,963e+004	191,1	273,5	82,35	86,14	259,9	108,3	-1,525	44,06	109,8	89,27	1,573	416,7	70,97	0,4671	4,358e+004	1,142e+004	-7804	4018	-6103	-0,9781	72,58	269,3	83,54	2,521e+004	6298	0,7502	7,787
9	1,555e+004	6,825e+004	163,8	242,7	78,87	83,02	239,3	104,1	-0,8687	41,26	104,9	86,66	0,8482	416,7	68,77	0,5290	3,732e+004	1,015e+004	-7100	3728	-5719	-0,4856	69,77	238,2	80,01	2,151e+004	5959	0,7230	7,957
10	1,487e+004	6,578e+004	159,0	229,8	70,78	74,01	224,5	102,8	-1,183	39,56	104,0	84,65	0,8482	413,8	70,08	0,5325	4,971e+004	1,019e+004	-6423	3480	-5811	-0,8071	68,22	226,8	74,37	2,049e+004	5615	0,7260	8,181
11	1,243e+004	5,988e+004	143,7	212,9	69,17	72,25	210,9	98,54	-1,464	37,11	100,0	80,20	0,8345	416,7	70,60	0,5580	3,744e+004	8967	-5937	3450	-4731	-1,067	65,00	203,6	72,10	1,758e+004	5145	0,7073	8,075
12	1,239e+004	6,137e+004	147,3	209,0	61,73	63,94	205,2	97,92	-1,607	36,22	99,53	76,89	0,5404	416,7	74,49	0,5220	4,269e+004	8892	-5575	3092	-4866	-1,327	63,23	197,7	65,41	1,713e+004	4743	0,7231	7,930
13	1,098e+004	5,779e+004	138,7	199,0	60,28	63,42	195,9	94,49	-1,765	34,39	96,26	75,70	0,2736	416,7	74,81	0,5457	4,773e+004	7969	-5068	3095	-4559	-1,395	61,35	185,4	64,67	1,561e+004	4632	0,7033	7,884
14	1,106e+004	5,861e+004	140,7	197,8	57,09	59,04	194,3	94,42	-2,107	33,85	96,53	73,63	0,09576	416,7	77,04	0,5234	4,728e+004	7866	-4986	3270	-4637	-1,724	60,57	182,6	62,86	1,542e+004	4364	0,7171	7,722
15	9982	5,501e+004	132,9	193,2	60,30	63,20	190,8	90,90	-2,114	32,13	93,01	71,94	-0,7934	413,8	75,28	0,5412	3,854e+004	7100	-4665	3238	-4266	-1,724	59,04	176,6	64,37	1,444e+004	4454	0,6915	7,714
16	1,011e+004	5,562e+004	133,5	188,2	54,68	57,56	186,5	92,48	-1,929	32,98	94,41	71,73	0,1436	416,7	76,57	0,5373	4,187e+004	7326	-4590	3252	-4467	-1,669	53,55	174,3	60,18	1,427e+004	4159	0,7086	7,670
17	9327	5,389e+004	129,3	184,7	55,37	57,96	181,2	89,75	-2,031	31,85	91,78	70,92	-0,1163	416,7	77,05	0,5483	4,555e+004	6635	-4446	3189	-4036	-1,724	52,12	167,9	62,05	1,349e+004	4166	0,6913	7,551
18	9266	5,391e+004	129,4	182,5	53,14	56,36	180,8	90,05	-2,018	31,85	92,07	70,31	-0,2873	416,7	78,55	0,5434	3,807e+004	6580	-4309	3251	-4039	-1,806	50,96	164,7	58,90	1,327e+004	4003	0,6983	7,611
19	8597	5,156e+004	123,8	177,6	53,81	56,59	175,6	87,90	-2,059	31,09	89,96	68,67	-0,4514	416,7	77,75	0,5549	3,752e+004	6067	-4070	3002	-3844	-1,854	51,40	159,2	59,20	1,261e+004	4008	0,6820	7,583
20	8734	5,243e+004	125,8	177,3	51,46	53,93	174,3	88,30	-2,025	31,24	90,32	68,45	-0,5267	416,7	79,03	0,5440	4,041e+004	6088	-4070	3030	-3889	-1,881	50,43	159,2	58,36	1,274e+004	4007	0,6855	7,494
21	8077	5,063e+004	121,5	174,4	52,86	55,71	171,2	85,98	-2,073	30,48	88,05	68,26	-0,6361	416,7	78,94	0,5618	3,855e+004	5629	-3967	2944	-3604	-1,847	49,90	153,9	59,90	1,209e+004	4011	0,6682	7,464
22	8075	5,017e+004	121,2	170,9	49,69	52,70	168,5	86,35	-2,031	30,42	88,39	67,06	-0,7319	413,8	78,91	0,5531	3,700e+004	5622	-3851	2875	-3495	-1,867	42,95	153,6	56,75	1,193e+004	3853	0,6770	7,695
23	7531	4,900e+004	117,6	167,8	50,24	52,58	165,8	84,00	-2,045	29,89	86,05	65,71	-0,6224	416,7	78,65	0,5588	3,956e+004	5171	-3618	2685	-3519	-1,943	43,14	149,5	57,13	1,137e+004	3835	0,6626	7,677
24	7733	4,971e+004	119,3	168,7	49,43	52,02	165,1	84,38	-2,086	30,10	86,46	66,92	-0,7319	416,7	79,14	0,5609	3,525e+004	5198	-3646	2888	-3451	-1,888	42,20	150,8	56,55	1,158e+004	3843	0,6680	7,615
25	6890	4,736e+004	113,7	165,0	51,34	53,91	162,6	81,94	-2,045	29,39	83,98	65,79	-0,8550	416,7	79,42	0,5788	3,150e+004	4836	-3536	2842	-3042	-1,970	41,53	143,1	58,01	1,073e+004	3841	0,6421	7,926
26	7116	4,783e+004	114,8	163,4	48,64	50,66	160,7	82,62	-2,079	29,71	84,70	65,15	-0,9371	416,7	79,62	0,5676	3,558e+004	4795	-3482	2649	-3232	-1,936	40,48	144,2	55,97	1,092e+004	3803	0,6517	7,899
27	6578	4,633e+004	112,0	162,8	50,86	53,94	158,6	80,08	-2,059	28,74	82,13	66,17	-1,135	413,8	78,85	0,5910	3,443e+004	4419	-3317	2585	-3025	-1,943	39,56	142,0	58,00	1,053e+004	3955	0,6245	8,008
28	6606	4,606e+004	110,5	161,3	50,76	53,88	158,9	80,60	-2,079	29,27	82,68	65,55	-0,9576	416,7	74,36	0,5930	2,988e+004	4412	-3276	2558	-2959	-2,059	25,33	148,7	56,82	1,042e+004	3816	0,6339	8,016
29	 	 	 	 	 	 	 	 	 	 	 	 	 	 	 	 	 	 	 	 	 	 	 	 	 	 	 	 	 
30	 	 	 	 	 	 	 	 	 	 	 	 	 	 	 	 	 	 	 	 	 	 	 	 	 	 	 	 	 
31	 	 	 	 	 	 	 	 	 	 	 	 	 	 	 	 	 	 	 	 	 	 	 	 	 	 	 	 	 
32	 	 	 	 	 	 	 	 	 	 	 	 	 	 	 	 	 	 	 	 	 	 	 	 	 	 	 	 	 
33	 	 	 	 	 	 	 	 	 	 	 	 	 	 	 	 	 	 	 	 	 	 	 	 	 	 	 	 	 
34	 	 	 	 	 	 	 	 	 	 	 	 	 	 	 	 	 	 	 	 	 	 	 	 	 	 	 	 	 
35	 	 	 	 	 	 	 	 	 	 	 	 	 	 	 	 	 	 	 	 	 	 	 	 	 	 	 	 	 
36	 	 	 	 	 	 	 	 	 	 	 	 	 	 	 	 	 	 	 	 	 	 	 	 	 	 	 	 	 
37	 	 	 	 	 	 	 	 	 	 	 	 	 	 	 	 	 	 	 	 	 	 	 	 	 	 	 	 	 
38	 	 	 	 	 	 	 	 	 	 	 	 	 	 	 	 	 	 	 	 	 	 	 	 	 	 	 	 	 

	SW (mmHg*킠)	CO (킠/min)	SV (킠)	Vmax (킠)	Vmin (킠)	Ves (킠)	Ved (킠)	Pmax (mmHg)	Pmin (mmHg)	Pmean (mmHg)	Pdev (mmHg)	Pes (mmHg)	Ped (mmHg)	HR (bpm)	EF (%)	Ea (mmHg/킠)	PowMax (mmHg*킠/s)	dP/dt max (mmHg/s)	dP/dt min (mmHg/s)	dV/dt max (킠/s)	dV/dt min (킠/s)	P@dV/dt max (mmHg)	P@dP/dt max (mmHg)	V@dP/dt max (킠)	V@dP/dt min (킠)	PVA (mmHg*킠)	PE (mmHg*킠)	CE	Tau (ms)
Avg	1,047e+004	5,639e+004	135,5	195,0	59,51	62,43	191,1	91,65	-1,787	33,75	93,44	73,35	-0,05970	416,1	75,71	0,5456	3,952e+004	7108	-4817	3166	-4239	-1,529	53,83	180,8	64,66	1,501e+004	4539	0,6892	7,790
Min	6578	4,606e+004	110,5	161,3	48,64	50,66	158,6	80,08	-2,114	28,74	82,13	65,15	-1,135	413,8	66,81	0,4671	2,988e+004	4412	-8242	2558	-6103	-2,059	25,33	142,0	55,97	1,042e+004	3803	0,6245	7,464
Max	1,954e+004	7,966e+004	191,2	287,5	96,35	100,6	273,3	110,6	-0,1163	46,88	110,7	94,02	2,312	416,7	79,62	0,5930	4,971e+004	1,142e+004	-3276	4527	-2959	0,2462	81,01	286,1	97,30	2,688e+004	7339	0,7502	8,181
Count	22	22	22	22	22	22	22	22	22	22	22	22	22	22	22	22	22	22	22	22	22	22	22	22	22	22	22	22	22
