	SW (mmHg*킠)	CO (킠/min)	SV (킠)	Vmax (킠)	Vmin (킠)	Ves (킠)	Ved (킠)	Pmax (mmHg)	Pmin (mmHg)	Pmean (mmHg)	Pdev (mmHg)	Pes (mmHg)	Ped (mmHg)	HR (bpm)	EF (%)	Ea (mmHg/킠)	PowMax (mmHg*킠/s)	dP/dt max (mmHg/s)	dP/dt min (mmHg/s)	dV/dt max (킠/s)	dV/dt min (킠/s)	P@dV/dt max (mmHg)	P@dP/dt max (mmHg)	V@dP/dt max (킠)	V@dP/dt min (킠)	PVA (mmHg*킠)	PE (mmHg*킠)	CE	Tau (ms)
1	 	 	 	 	 	 	 	 	 	 	 	 	 	 	 	 	 	 	 	 	 	 	 	 	 	 	 	 	 
2	2,085e+004	8,464e+004	289,2	308,9	19,72	19,72	308,9	93,62	0,3558	38,06	93,26	80,97	3,133	292,7	109,8	0,2800	9,083e+004	6711	-5542	7161	-4882	0,3558	52,30	263,4	30,31	2,205e+004	1195	0,9458	11,30
3	2,035e+004	8,229e+004	281,2	300,9	19,73	19,85	300,9	92,47	0,3352	36,98	92,14	79,73	2,887	292,7	110,0	0,2836	6,792e+004	6609	-5473	7005	-5191	0,3489	55,78	255,7	26,87	2,132e+004	963,2	0,9548	11,61
4	1,974e+004	7,960e+004	273,3	288,1	14,80	14,81	288,1	91,18	0,2121	35,55	90,97	76,87	2,579	291,3	109,4	0,2813	6,989e+004	6472	-5562	6224	-5073	0,2326	52,71	249,8	22,08	2,071e+004	969,4	0,9532	11,78
5	1,895e+004	7,581e+004	260,3	273,4	13,08	13,09	273,4	89,00	0,1368	33,95	88,86	73,31	2,258	291,3	107,7	0,2817	5,291e+004	6171	-5022	6269	-5298	0,1368	51,48	241,7	18,69	1,964e+004	696,2	0,9646	11,98
6	1,764e+004	7,297e+004	250,5	257,9	7,349	7,349	257,9	86,77	0,05473	32,36	86,71	69,99	2,087	291,3	109,4	0,2794	5,401e+004	5856	-4816	5617	-5202	0,1163	48,36	229,0	14,05	1,841e+004	770,4	0,9581	11,84
7	1,671e+004	7,171e+004	246,2	249,3	3,119	3,122	249,3	83,75	-0,1095	30,59	83,85	66,95	1,916	291,3	112,0	0,2719	4,528e+004	5562	-4248	5609	-5289	-0,006841	45,74	219,7	9,799	1,733e+004	618,9	0,9643	11,75
8	1,550e+004	6,978e+004	239,6	239,9	0,2961	0,2961	239,9	80,73	-0,1984	28,96	80,93	62,50	1,669	291,3	115,2	0,2609	3,066e+004	5158	-3961	5396	-5281	-0,1505	42,30	208,0	5,030	1,596e+004	460,6	0,9711	11,49
9	1,421e+004	6,631e+004	228,8	229,0	0,1914	0,1914	228,9	76,79	-0,3763	26,92	77,16	59,77	1,341	289,9	115,8	0,2612	1,818e+004	4734	-3770	5186	-5187	-0,2531	40,36	197,6	3,127	1,448e+004	261,3	0,9820	11,16
10	 	 	 	 	 	 	 	 	 	 	 	 	 	 	 	 	 	 	 	 	 	 	 	 	 	 	 	 	 
11	1,180e+004	6,014e+004	207,5	207,6	0,08106	0,08106	207,6	69,66	-0,6568	23,80	70,32	54,31	1,054	289,9	114,9	0,2618	5410	4030	-3277	4697	-5261	-0,5884	32,43	180,6	1,034	1,181e+004	10,85	0,9991	10,83
12	1,079e+004	5,749e+004	197,4	197,5	0,09863	0,1090	197,5	66,72	-0,7457	22,62	67,47	52,84	0,9920	291,3	115,7	0,2677	4519	3776	-3003	4667	-5418	-0,6841	30,81	170,5	0,1502	1,072e+004	-68,37	1,006	10,62
13	9761	5,357e+004	185,7	185,8	0,07180	0,07350	185,8	63,19	-0,8415	20,99	64,03	40,67	0,7936	288,5	111,9	0,2190	2951	3503	-2689	4369	-4986	-0,6978	26,35	166,0	0,1891	9668	-93,37	1,010	10,31
14	9083	5,453e+004	184,5	184,6	0,07936	0,08560	184,6	60,97	-0,9099	20,65	61,88	48,18	0,6978	295,6	117,3	0,2611	3365	3414	-2709	4289	-5373	-0,8483	26,46	157,3	0,1323	8983	-99,83	1,011	10,18
15	8136	4,933e+004	174,3	174,4	0,09127	0,09315	172,6	57,31	-0,9441	18,35	58,25	43,73	0,4652	283,0	109,5	0,2509	5150	3133	-2422	3913	-4867	-0,8757	17,99	159,1	1,528	8092	-43,31	1,005	10,08
16	8044	5,012e+004	173,7	173,8	0,06727	0,06727	173,8	56,90	-1,095	18,61	57,99	44,61	0,6499	288,5	114,0	0,2568	2708	3291	-2340	3923	-5064	-0,9578	21,35	152,4	0,1961	7926	-117,5	1,015	9,980
17	 	 	 	 	 	 	 	 	 	 	 	 	 	 	 	 	 	 	 	 	 	 	 	 	 	 	 	 	 
18	 	 	 	 	 	 	 	 	 	 	 	 	 	 	 	 	 	 	 	 	 	 	 	 	 	 	 	 	 
19	 	 	 	 	 	 	 	 	 	 	 	 	 	 	 	 	 	 	 	 	 	 	 	 	 	 	 	 	 
20	 	 	 	 	 	 	 	 	 	 	 	 	 	 	 	 	 	 	 	 	 	 	 	 	 	 	 	 	 
21	 	 	 	 	 	 	 	 	 	 	 	 	 	 	 	 	 	 	 	 	 	 	 	 	 	 	 	 	 
22	 	 	 	 	 	 	 	 	 	 	 	 	 	 	 	 	 	 	 	 	 	 	 	 	 	 	 	 	 
23	 	 	 	 	 	 	 	 	 	 	 	 	 	 	 	 	 	 	 	 	 	 	 	 	 	 	 	 	 
24	 	 	 	 	 	 	 	 	 	 	 	 	 	 	 	 	 	 	 	 	 	 	 	 	 	 	 	 	 
25	 	 	 	 	 	 	 	 	 	 	 	 	 	 	 	 	 	 	 	 	 	 	 	 	 	 	 	 	 
26	 	 	 	 	 	 	 	 	 	 	 	 	 	 	 	 	 	 	 	 	 	 	 	 	 	 	 	 	 
27	 	 	 	 	 	 	 	 	 	 	 	 	 	 	 	 	 	 	 	 	 	 	 	 	 	 	 	 	 
28	 	 	 	 	 	 	 	 	 	 	 	 	 	 	 	 	 	 	 	 	 	 	 	 	 	 	 	 	 
29	 	 	 	 	 	 	 	 	 	 	 	 	 	 	 	 	 	 	 	 	 	 	 	 	 	 	 	 	 
30	 	 	 	 	 	 	 	 	 	 	 	 	 	 	 	 	 	 	 	 	 	 	 	 	 	 	 	 	 
31	 	 	 	 	 	 	 	 	 	 	 	 	 	 	 	 	 	 	 	 	 	 	 	 	 	 	 	 	 
32	 	 	 	 	 	 	 	 	 	 	 	 	 	 	 	 	 	 	 	 	 	 	 	 	 	 	 	 	 
33	 	 	 	 	 	 	 	 	 	 	 	 	 	 	 	 	 	 	 	 	 	 	 	 	 	 	 	 	 
34	 	 	 	 	 	 	 	 	 	 	 	 	 	 	 	 	 	 	 	 	 	 	 	 	 	 	 	 	 
35	 	 	 	 	 	 	 	 	 	 	 	 	 	 	 	 	 	 	 	 	 	 	 	 	 	 	 	 	 
36	 	 	 	 	 	 	 	 	 	 	 	 	 	 	 	 	 	 	 	 	 	 	 	 	 	 	 	 	 
37	 	 	 	 	 	 	 	 	 	 	 	 	 	 	 	 	 	 	 	 	 	 	 	 	 	 	 	 	 
38	 	 	 	 	 	 	 	 	 	 	 	 	 	 	 	 	 	 	 	 	 	 	 	 	 	 	 	 	 
39	 	 	 	 	 	 	 	 	 	 	 	 	 	 	 	 	 	 	 	 	 	 	 	 	 	 	 	 	 
40	 	 	 	 	 	 	 	 	 	 	 	 	 	 	 	 	 	 	 	 	 	 	 	 	 	 	 	 	 
41	 	 	 	 	 	 	 	 	 	 	 	 	 	 	 	 	 	 	 	 	 	 	 	 	 	 	 	 	 
42	 	 	 	 	 	 	 	 	 	 	 	 	 	 	 	 	 	 	 	 	 	 	 	 	 	 	 	 	 
43	 	 	 	 	 	 	 	 	 	 	 	 	 	 	 	 	 	 	 	 	 	 	 	 	 	 	 	 	 

	SW (mmHg*킠)	CO (킠/min)	SV (킠)	Vmax (킠)	Vmin (킠)	Ves (킠)	Ved (킠)	Pmax (mmHg)	Pmin (mmHg)	Pmean (mmHg)	Pdev (mmHg)	Pes (mmHg)	Ped (mmHg)	HR (bpm)	EF (%)	Ea (mmHg/킠)	PowMax (mmHg*킠/s)	dP/dt max (mmHg/s)	dP/dt min (mmHg/s)	dV/dt max (킠/s)	dV/dt min (킠/s)	P@dV/dt max (mmHg)	P@dP/dt max (mmHg)	V@dP/dt max (킠)	V@dP/dt min (킠)	PVA (mmHg*킠)	PE (mmHg*킠)	CE	Tau (ms)
Avg	1,440e+004	6,631e+004	228,0	233,6	5,627	5,638	233,5	76,36	-0,3416	27,74	76,70	61,03	1,609	290,6	112,3	0,2655	3,241e+004	4887	-3917	5309	-5169	-0,2766	38,89	203,6	9,513	1,479e+004	394,5	0,9815	11,06
Min	8044	4,933e+004	173,7	173,8	0,06727	0,06727	172,6	56,90	-1,095	18,35	57,99	40,67	0,4652	283,0	107,7	0,2190	2708	3133	-5562	3913	-5418	-0,9578	17,99	152,4	0,1323	7926	-117,5	0,9458	9,980
Max	2,085e+004	8,464e+004	289,2	308,9	19,73	19,85	308,9	93,62	0,3558	38,06	93,26	80,97	3,133	295,6	117,3	0,2836	9,083e+004	6711	-2340	7161	-4867	0,3558	55,78	263,4	30,31	2,205e+004	1195	1,015	11,98
Count	14	14	14	14	14	14	14	14	14	14	14	14	14	14	14	14	14	14	14	14	14	14	14	14	14	14	14	14	14
