	SW (mmHg*킠)	CO (킠/min)	SV (킠)	Vmax (킠)	Vmin (킠)	Ves (킠)	Ved (킠)	Pmax (mmHg)	Pmin (mmHg)	Pmean (mmHg)	Pdev (mmHg)	Pes (mmHg)	Ped (mmHg)	HR (bpm)	EF (%)	Ea (mmHg/킠)	PowMax (mmHg*킠/s)	dP/dt max (mmHg/s)	dP/dt min (mmHg/s)	dV/dt max (킠/s)	dV/dt min (킠/s)	P@dV/dt max (mmHg)	P@dP/dt max (mmHg)	V@dP/dt max (킠)	V@dP/dt min (킠)	PVA (mmHg*킠)	PE (mmHg*킠)	CE	Tau (ms)
1	2,539e+004	1,067e+005	296,9	473,4	176,5	205,5	381,3	131,0	-0,1574	67,60	131,2	120,6	2,490	359,3	76,87	0,4062	1,424e+006	9838	-7690	1,245e+004	-1,139e+004	114,0	90,07	386,2	190,1	3,646e+004	1,107e+004	0,6964	12,12
2	2,550e+004	1,043e+005	288,5	461,1	172,6	211,7	384,5	131,0	-0,6636	67,55	131,6	122,1	2,244	361,4	73,46	0,4230	1,097e+006	9852	-8093	1,029e+004	-9954	106,6	88,15	392,8	191,1	3,643e+004	1,092e+004	0,7002	12,10
3	2,357e+004	1,042e+005	290,1	465,2	175,0	211,3	359,8	129,3	-1,184	65,23	130,4	121,1	1,546	359,3	77,85	0,4174	1,173e+006	9681	-8086	9989	-1,156e+004	117,4	91,78	372,7	192,6	3,460e+004	1,103e+004	0,6813	11,93
4	2,213e+004	9,484e+004	265,6	432,0	166,4	201,5	343,7	126,3	-1,567	61,74	127,8	115,4	0,9783	357,1	75,76	0,4344	1,233e+006	9448	-8620	1,065e+004	-8232	114,2	84,82	350,5	182,0	3,195e+004	9819	0,6927	11,43
5	2,181e+004	9,828e+004	271,9	425,1	153,2	188,8	350,5	122,9	-1,875	58,71	124,8	111,4	0,7936	361,4	79,20	0,4097	1,163e+006	9072	-8832	1,132e+004	-8029	98,63	90,01	343,3	167,8	3,028e+004	8473	0,7202	10,95
6	2,218e+004	9,919e+004	276,1	411,5	135,4	164,7	330,0	119,6	-2,408	54,34	122,0	105,3	0,0000	359,3	85,19	0,3814	1,165e+006	8572	-8764	1,043e+004	-9482	111,7	79,67	324,1	150,6	2,881e+004	6635	0,7697	10,42
7	1,965e+004	9,544e+004	265,7	390,9	125,2	155,8	301,7	115,9	-2,654	50,50	118,6	103,7	-0,5336	359,3	86,02	0,3905	1,177e+006	8045	-8702	1,120e+004	-8425	88,78	80,86	308,8	138,7	2,545e+004	5800	0,7721	10,24
8	1,889e+004	9,336e+004	259,9	377,8	118,0	141,7	294,6	111,9	-2,928	46,97	114,8	96,25	-0,8141	359,3	87,72	0,3704	8,686e+005	7443	-8969	8214	-1,042e+004	105,7	76,80	296,2	126,3	2,383e+004	4936	0,7929	10,09
9	1,666e+004	8,470e+004	235,7	345,0	109,3	129,8	263,3	107,8	-3,017	43,83	110,8	93,81	-1,375	359,3	88,19	0,3979	7,920e+005	6807	-8600	8332	-7086	92,69	74,78	267,3	114,1	2,073e+004	4062	0,8040	10,09
10	1,725e+004	8,527e+004	237,3	337,1	99,74	116,4	259,7	104,1	-3,195	41,29	107,3	89,37	-1,519	359,3	87,51	0,3765	6,324e+005	6362	-8175	7133	-7424	87,80	70,48	271,2	104,6	2,058e+004	3332	0,8381	10,00
11	1,626e+004	8,200e+004	228,2	320,5	92,33	108,1	243,6	100,2	-3,339	38,95	103,6	82,17	-1,895	359,3	86,26	0,3601	5,236e+005	5863	-7676	6146	-7634	84,09	68,21	264,6	96,68	1,920e+004	2941	0,8468	10,05
12	1,488e+004	7,368e+004	206,3	300,9	94,60	106,6	220,5	96,96	-3,489	36,75	100,4	82,06	-2,271	357,1	81,33	0,3977	5,183e+005	5480	-6800	6070	-7497	85,39	63,21	253,7	95,97	1,781e+004	2927	0,8356	10,06
13	1,386e+004	7,084e+004	196,0	289,9	93,91	101,3	203,0	93,89	-3,482	35,63	97,37	80,54	-2,162	361,4	76,76	0,4109	3,449e+005	5138	-6506	3914	-7457	88,13	67,74	255,3	94,16	1,672e+004	2854	0,8293	10,19
14	1,367e+004	6,877e+004	191,4	282,0	90,64	102,5	200,2	91,26	-3,523	34,13	94,78	80,33	-2,415	359,3	77,88	0,4197	3,849e+005	4885	-6027	4817	-6911	79,89	55,94	245,8	91,82	1,630e+004	2634	0,8384	10,04
15	 	 	 	 	 	 	 	 	 	 	 	 	 	 	 	 	 	 	 	 	 	 	 	 	 	 	 	 	 
16	1,181e+004	5,809e+004	161,7	252,9	91,17	99,29	176,5	86,99	-3,537	32,17	90,52	76,80	-2,559	359,3	66,83	0,4750	1,259e+005	4515	-5678	4066	-6532	12,42	55,45	242,0	92,50	1,443e+004	2620	0,8185	10,10
17	 	 	 	 	 	 	 	 	 	 	 	 	 	 	 	 	 	 	 	 	 	 	 	 	 	 	 	 	 
18	1,007e+004	5,196e+004	144,6	236,5	91,88	97,23	164,9	83,06	-3,619	30,53	86,68	71,73	-2,648	359,3	62,97	0,4960	1,370e+005	4214	-4960	3773	-5263	7,457	55,43	229,7	91,88	1,271e+004	2641	0,7922	10,07
19	8835	4,401e+004	123,2	216,7	93,43	99,02	162,5	80,76	-3,605	29,35	84,37	71,70	-2,771	357,1	56,96	0,5819	8,411e+004	3995	-4837	4363	-5178	16,12	51,99	216,3	93,84	1,156e+004	2722	0,7645	10,22
20	8022	4,488e+004	124,2	215,2	91,01	97,31	160,5	78,84	-3,660	28,93	82,50	71,40	-2,552	361,4	61,38	0,5749	1,090e+005	3838	-4659	3941	-4571	6,116	50,80	202,3	91,29	1,061e+004	2586	0,7562	10,20
21	6887	3,956e+004	109,5	199,6	90,17	96,84	153,1	77,06	-3,612	28,22	80,67	68,11	-2,887	361,4	58,01	0,6222	1,251e+005	3729	-4372	2261	-5314	55,34	44,44	188,7	91,75	9493	2606	0,7255	10,15
22	7007	3,830e+004	107,9	197,7	89,77	95,15	156,9	75,75	-3,722	27,23	79,48	69,12	-2,976	355,0	56,58	0,6407	6,238e+004	3660	-4153	2437	-4957	23,93	44,28	190,7	92,11	9473	2467	0,7396	10,07
23	6166	3,786e+004	104,8	193,1	88,35	95,11	152,1	73,89	-3,701	27,02	77,59	66,93	-2,771	361,4	57,28	0,6389	9,088e+004	3496	-4084	2315	-4443	-0,01368	47,92	182,9	88,76	8586	2420	0,7181	10,39
24	6159	3,659e+004	103,7	190,9	87,22	91,99	148,8	72,93	-3,852	25,98	76,78	64,60	-3,079	352,9	56,87	0,6232	1,045e+005	3489	-3920	2384	-4631	39,91	43,40	182,3	89,81	8507	2348	0,7240	10,17
25	5294	3,513e+004	96,62	183,8	87,22	94,33	149,1	70,90	-3,749	26,03	74,65	64,31	-2,483	363,6	56,94	0,6656	1,120e+005	3298	-3749	2455	-4531	22,21	40,62	169,7	87,30	7624	2330	0,6944	10,39
26	5343	3,641e+004	100,7	185,8	85,01	95,59	142,6	70,17	-3,742	25,69	73,91	64,83	-2,901	361,4	59,41	0,6435	1,431e+005	3270	-3633	2724	-3790	46,96	40,49	169,6	85,01	7594	2251	0,7035	10,18
27	4811	3,037e+004	86,05	172,2	86,12	92,21	139,3	68,93	-3,797	24,56	72,73	61,27	-3,222	352,9	51,00	0,7121	8,502e+004	3222	-3578	2366	-4335	32,04	41,49	168,7	88,54	7156	2345	0,6723	10,41
28	4641	3,094e+004	85,60	169,3	83,66	89,25	140,9	67,76	-3,776	24,85	71,54	60,34	-2,593	361,4	58,03	0,7049	5,497e+004	3133	-3448	2246	-3578	22,77	11,49	147,5	83,72	6787	2146	0,6839	10,36
29	 	 	 	 	 	 	 	 	 	 	 	 	 	 	 	 	 	 	 	 	 	 	 	 	 	 	 	 	 
30	 	 	 	 	 	 	 	 	 	 	 	 	 	 	 	 	 	 	 	 	 	 	 	 	 	 	 	 	 
31	 	 	 	 	 	 	 	 	 	 	 	 	 	 	 	 	 	 	 	 	 	 	 	 	 	 	 	 	 
32	 	 	 	 	 	 	 	 	 	 	 	 	 	 	 	 	 	 	 	 	 	 	 	 	 	 	 	 	 
33	 	 	 	 	 	 	 	 	 	 	 	 	 	 	 	 	 	 	 	 	 	 	 	 	 	 	 	 	 
34	 	 	 	 	 	 	 	 	 	 	 	 	 	 	 	 	 	 	 	 	 	 	 	 	 	 	 	 	 
35	 	 	 	 	 	 	 	 	 	 	 	 	 	 	 	 	 	 	 	 	 	 	 	 	 	 	 	 	 
36	 	 	 	 	 	 	 	 	 	 	 	 	 	 	 	 	 	 	 	 	 	 	 	 	 	 	 	 	 
37	 	 	 	 	 	 	 	 	 	 	 	 	 	 	 	 	 	 	 	 	 	 	 	 	 	 	 	 	 
38	 	 	 	 	 	 	 	 	 	 	 	 	 	 	 	 	 	 	 	 	 	 	 	 	 	 	 	 	 
39	 	 	 	 	 	 	 	 	 	 	 	 	 	 	 	 	 	 	 	 	 	 	 	 	 	 	 	 	 
40	 	 	 	 	 	 	 	 	 	 	 	 	 	 	 	 	 	 	 	 	 	 	 	 	 	 	 	 	 
41	 	 	 	 	 	 	 	 	 	 	 	 	 	 	 	 	 	 	 	 	 	 	 	 	 	 	 	 	 
42	 	 	 	 	 	 	 	 	 	 	 	 	 	 	 	 	 	 	 	 	 	 	 	 	 	 	 	 	 
43	 	 	 	 	 	 	 	 	 	 	 	 	 	 	 	 	 	 	 	 	 	 	 	 	 	 	 	 	 
44	 	 	 	 	 	 	 	 	 	 	 	 	 	 	 	 	 	 	 	 	 	 	 	 	 	 	 	 	 
45	 	 	 	 	 	 	 	 	 	 	 	 	 	 	 	 	 	 	 	 	 	 	 	 	 	 	 	 	 
46	 	 	 	 	 	 	 	 	 	 	 	 	 	 	 	 	 	 	 	 	 	 	 	 	 	 	 	 	 
47	 	 	 	 	 	 	 	 	 	 	 	 	 	 	 	 	 	 	 	 	 	 	 	 	 	 	 	 	 
48	 	 	 	 	 	 	 	 	 	 	 	 	 	 	 	 	 	 	 	 	 	 	 	 	 	 	 	 	 
49	 	 	 	 	 	 	 	 	 	 	 	 	 	 	 	 	 	 	 	 	 	 	 	 	 	 	 	 	 

	SW (mmHg*킠)	CO (킠/min)	SV (킠)	Vmax (킠)	Vmin (킠)	Ves (킠)	Ved (킠)	Pmax (mmHg)	Pmin (mmHg)	Pmean (mmHg)	Pdev (mmHg)	Pes (mmHg)	Ped (mmHg)	HR (bpm)	EF (%)	Ea (mmHg/킠)	PowMax (mmHg*킠/s)	dP/dt max (mmHg/s)	dP/dt min (mmHg/s)	dV/dt max (킠/s)	dV/dt min (킠/s)	P@dV/dt max (mmHg)	P@dP/dt max (mmHg)	V@dP/dt max (킠)	V@dP/dt min (킠)	PVA (mmHg*킠)	PE (mmHg*킠)	CE	Tau (ms)
Avg	1,372e+004	6,714e+004	186,9	297,2	110,3	126,5	230,1	95,73	-2,994	39,76	98,73	85,20	-1,476	359,2	70,86	0,4990	5,281e+005	5783	-6254	6011	-6870	63,86	61,94	254,7	115,9	1,822e+004	4497	0,7542	10,48
Min	4641	3,037e+004	85,60	169,3	83,66	89,25	139,3	67,76	-3,852	24,56	71,54	60,34	-3,222	352,9	51,00	0,3601	5,497e+004	3133	-8969	2246	-1,156e+004	-0,01368	11,49	147,5	83,72	6787	2146	0,6723	10,00
Max	2,550e+004	1,067e+005	296,9	473,4	176,5	211,7	384,5	131,0	-0,1574	67,60	131,6	122,1	2,490	363,6	88,19	0,7121	1,424e+006	9852	-3448	1,245e+004	-3578	117,4	91,78	392,8	192,6	3,646e+004	1,107e+004	0,8468	12,12
Count	26	26	26	26	26	26	26	26	26	26	26	26	26	26	26	26	26	26	26	26	26	26	26	26	26	26	26	26	26
