	SW (mmHg*킠)	CO (킠/min)	SV (킠)	Vmax (킠)	Vmin (킠)	Ves (킠)	Ved (킠)	Pmax (mmHg)	Pmin (mmHg)	Pmean (mmHg)	Pdev (mmHg)	Pes (mmHg)	Ped (mmHg)	HR (bpm)	EF (%)	Ea (mmHg/킠)	PowMax (mmHg*킠/s)	dP/dt max (mmHg/s)	dP/dt min (mmHg/s)	dV/dt max (킠/s)	dV/dt min (킠/s)	P@dV/dt max (mmHg)	P@dP/dt max (mmHg)	V@dP/dt max (킠)	V@dP/dt min (킠)	PVA (mmHg*킠)	PE (mmHg*킠)	CE	Tau (ms)
1	 	 	 	 	 	 	 	 	 	 	 	 	 	 	 	 	 	 	 	 	 	 	 	 	 	 	 	 	 
2	6,268e+004	2,122e+005	558,7	821,8	263,1	265,3	727,0	132,3	-0,4446	60,10	132,8	123,8	1,081	379,7	71,67	0,2215	1,010e+006	1,300e+004	-1,084e+004	1,453e+004	-2,240e+004	0,9029	89,37	779,7	268,2	8,430e+004	2,162e+004	0,7435	9,069
3	5,598e+004	1,923e+005	506,5	738,3	231,8	236,0	737,5	130,0	-0,8208	57,02	130,9	119,2	1,601	379,7	74,50	0,2354	3,117e+005	1,276e+004	-1,058e+004	1,211e+004	-1,746e+004	0,1573	87,53	679,8	234,6	7,321e+004	1,723e+004	0,7647	9,197
4	4,967e+004	1,707e+005	446,8	651,8	205,0	206,8	648,6	127,2	-1,259	54,41	128,4	113,9	1,238	382,2	71,88	0,2549	6,708e+005	1,250e+004	-9412	1,171e+004	-1,704e+004	-0,3420	87,86	621,6	209,9	6,351e+004	1,384e+004	0,7821	9,199
5	 	 	 	 	 	 	 	 	 	 	 	 	 	 	 	 	 	 	 	 	 	 	 	 	 	 	 	 	 
6	4,356e+004	1,727e+005	452,0	605,7	153,7	155,9	586,4	119,4	-1,758	47,85	121,1	104,2	0,3283	382,2	80,78	0,2304	9,832e+005	1,157e+004	-8769	1,015e+004	-1,666e+004	-1,005	88,10	559,5	164,0	5,270e+004	9139	0,8266	9,291
7	4,141e+004	1,676e+005	438,6	580,9	142,3	144,1	570,9	114,9	-4,453	43,70	119,3	98,29	-0,1778	382,2	82,83	0,2241	8,016e+005	1,084e+004	-8591	8684	-1,529e+004	-4,384	78,95	529,5	151,6	4,840e+004	6993	0,8555	8,937
8	 	 	 	 	 	 	 	 	 	 	 	 	 	 	 	 	 	 	 	 	 	 	 	 	 	 	 	 	 
9	 	 	 	 	 	 	 	 	 	 	 	 	 	 	 	 	 	 	 	 	 	 	 	 	 	 	 	 	 
10	 	 	 	 	 	 	 	 	 	 	 	 	 	 	 	 	 	 	 	 	 	 	 	 	 	 	 	 	 
11	3,048e+004	1,395e+005	365,0	484,5	119,6	122,4	477,8	98,18	-2,627	35,98	100,8	83,00	-1,115	382,2	82,59	0,2274	5,581e+005	8728	-6142	1,001e+004	-1,557e+004	-2,360	71,18	441,9	122,8	3,434e+004	3856	0,8877	8,948
12	2,756e+004	1,344e+005	351,7	468,7	117,0	120,2	456,9	94,88	-2,818	34,32	97,70	80,84	-1,320	382,2	83,02	0,2299	5,797e+005	8030	-6005	8948	-1,570e+004	-2,421	72,00	423,6	121,7	3,133e+004	3772	0,8796	8,710
13	2,797e+004	1,387e+005	362,9	470,9	107,9	110,6	439,7	91,96	-2,818	32,95	94,77	77,94	-1,457	382,2	86,15	0,2148	5,687e+005	7572	-5677	1,018e+004	-1,883e+004	-2,312	62,99	421,3	110,2	3,079e+004	2819	0,9084	8,695
14	2,474e+004	1,284e+005	335,9	448,4	112,5	115,4	424,3	89,06	-2,907	31,57	91,97	74,45	-1,505	382,2	83,46	0,2216	5,028e+005	7107	-5144	8440	-1,530e+004	-2,264	60,31	402,5	114,5	2,783e+004	3087	0,8891	8,678
15	2,347e+004	1,257e+005	329,0	438,5	109,6	112,8	413,5	86,42	-2,989	30,30	89,41	72,73	-1,601	382,2	84,57	0,2211	4,570e+005	6744	-4993	7783	-1,595e+004	-2,791	32,39	389,0	113,4	2,655e+004	3076	0,8841	8,496
16	2,211e+004	1,183e+005	307,6	423,8	116,2	120,0	410,1	83,95	-3,078	29,61	87,03	71,09	-1,566	384,6	81,05	0,2311	3,997e+005	6642	-5068	9080	-1,591e+004	-2,435	32,25	379,6	117,7	2,505e+004	2931	0,8830	8,411
17	2,201e+004	1,169e+005	304,0	414,7	110,7	115,2	414,7	81,68	-3,112	28,63	84,79	68,34	-1,908	384,6	79,85	0,2248	3,080e+005	6382	-4856	8573	-1,469e+004	-2,804	34,25	380,8	111,5	2,462e+004	2609	0,8940	8,285
18	2,035e+004	1,123e+005	293,8	404,9	111,1	115,4	404,9	79,74	-3,181	27,70	82,92	66,35	-2,127	382,2	80,22	0,2258	3,281e+005	6108	-4713	8466	-1,453e+004	-2,777	34,53	366,2	112,9	2,307e+004	2722	0,8820	8,159
19	1,950e+004	1,096e+005	284,9	393,2	108,2	113,0	391,0	77,90	-3,215	27,14	81,11	64,24	-2,038	384,6	79,33	0,2254	2,944e+005	6040	-4583	8287	-1,382e+004	-2,859	30,12	359,2	108,9	2,194e+004	2448	0,8884	8,016
20	1,891e+004	1,086e+005	282,2	389,0	106,8	110,2	384,4	76,09	-3,283	26,47	79,37	62,24	-2,271	384,6	78,87	0,2205	2,629e+005	5780	-4542	7681	-1,363e+004	-2,832	31,46	357,9	108,8	2,143e+004	2521	0,8824	7,990
21	1,873e+004	1,099e+005	287,5	395,1	107,6	110,6	377,0	74,23	-3,338	25,60	77,57	60,60	-2,579	382,2	79,22	0,2108	2,562e+005	5629	-4583	7400	-1,406e+004	-2,886	28,19	362,9	110,6	2,135e+004	2621	0,8773	7,850
22	1,731e+004	1,023e+005	265,9	376,7	110,8	115,2	376,7	72,69	-3,406	25,15	76,09	60,27	-2,469	384,6	75,52	0,2267	1,326e+005	5424	-4419	7255	-1,251e+004	-2,962	29,25	352,0	113,1	1,998e+004	2671	0,8663	8,003
23	 	 	 	 	 	 	 	 	 	 	 	 	 	 	 	 	 	 	 	 	 	 	 	 	 	 	 	 	 
24	 	 	 	 	 	 	 	 	 	 	 	 	 	 	 	 	 	 	 	 	 	 	 	 	 	 	 	 	 
25	 	 	 	 	 	 	 	 	 	 	 	 	 	 	 	 	 	 	 	 	 	 	 	 	 	 	 	 	 
26	 	 	 	 	 	 	 	 	 	 	 	 	 	 	 	 	 	 	 	 	 	 	 	 	 	 	 	 	 
27	 	 	 	 	 	 	 	 	 	 	 	 	 	 	 	 	 	 	 	 	 	 	 	 	 	 	 	 	 

	SW (mmHg*킠)	CO (킠/min)	SV (킠)	Vmax (킠)	Vmin (킠)	Ves (킠)	Ved (킠)	Pmax (mmHg)	Pmin (mmHg)	Pmean (mmHg)	Pdev (mmHg)	Pes (mmHg)	Ped (mmHg)	HR (bpm)	EF (%)	Ea (mmHg/킠)	PowMax (mmHg*킠/s)	dP/dt max (mmHg/s)	dP/dt min (mmHg/s)	dV/dt max (킠/s)	dV/dt min (킠/s)	P@dV/dt max (mmHg)	P@dP/dt max (mmHg)	V@dP/dt max (킠)	V@dP/dt min (킠)	PVA (mmHg*킠)	PE (mmHg*킠)	CE	Tau (ms)
Avg	3,097e+004	1,388e+005	363,1	500,4	137,3	140,5	484,8	95,91	-2,677	36,38	98,59	82,44	-1,052	382,6	79,74	0,2263	4,956e+005	8285	-6407	9370	-1,584e+004	-2,140	55,93	459,2	140,8	3,708e+004	6115	0,8585	8,584
Min	1,731e+004	1,023e+005	265,9	376,7	106,8	110,2	376,7	72,69	-4,453	25,15	76,09	60,27	-2,579	379,7	71,67	0,2108	1,326e+005	5424	-1,084e+004	7255	-2,240e+004	-4,384	28,19	352,0	108,8	1,998e+004	2448	0,7435	7,850
Max	6,268e+004	2,122e+005	558,7	821,8	263,1	265,3	737,5	132,3	-0,4446	60,10	132,8	123,8	1,601	384,6	86,15	0,2549	1,010e+006	1,300e+004	-4419	1,453e+004	-1,251e+004	0,9029	89,37	779,7	268,2	8,430e+004	2,162e+004	0,9084	9,291
Count	17	17	17	17	17	17	17	17	17	17	17	17	17	17	17	17	17	17	17	17	17	17	17	17	17	17	17	17	17
