	SW (mmHg*킠)	CO (킠/min)	SV (킠)	Vmax (킠)	Vmin (킠)	Ves (킠)	Ved (킠)	Pmax (mmHg)	Pmin (mmHg)	Pmean (mmHg)	Pdev (mmHg)	Pes (mmHg)	Ped (mmHg)	HR (bpm)	EF (%)	Ea (mmHg/킠)	PowMax (mmHg*킠/s)	dP/dt max (mmHg/s)	dP/dt min (mmHg/s)	dV/dt max (킠/s)	dV/dt min (킠/s)	P@dV/dt max (mmHg)	P@dP/dt max (mmHg)	V@dP/dt max (킠)	V@dP/dt min (킠)	PVA (mmHg*킠)	PE (mmHg*킠)	CE	Tau (ms)
1	 	 	 	 	 	 	 	 	 	 	 	 	 	 	 	 	 	 	 	 	 	 	 	 	 	 	 	 	 
2	3,971e+004	1,064e+005	294,3	457,0	162,6	168,7	441,5	147,9	-1,587	69,88	149,5	145,1	1,279	361,4	64,46	0,4931	9,588e+004	1,524e+004	-9823	6111	-6770	0,4446	100,5	456,7	163,0	5,716e+004	1,745e+004	0,6947	9,059
3	3,728e+004	1,019e+005	281,8	438,7	156,9	161,9	415,4	145,7	-1,908	67,65	147,7	143,3	0,9371	361,4	64,64	0,5087	1,091e+005	1,504e+004	-1,010e+004	5589	-6915	0,02052	94,60	436,0	157,6	5,419e+004	1,691e+004	0,6879	9,047
4	3,689e+004	1,038e+005	287,1	439,0	151,9	156,5	400,8	142,6	-2,483	64,89	145,1	140,8	0,5199	361,4	66,27	0,4904	2,219e+005	1,502e+004	-1,009e+004	5557	-7986	-1,149	94,01	433,2	152,4	5,288e+004	1,599e+004	0,6976	8,811
5	3,605e+004	1,006e+005	278,3	423,9	145,6	148,6	393,2	139,4	-2,900	62,38	142,3	137,4	-0,2189	361,4	65,86	0,4935	9,728e+004	1,495e+004	-9590	5656	-7347	-1,259	93,09	422,6	146,3	5,150e+004	1,545e+004	0,6999	8,911
6	3,510e+004	9,836e+004	272,1	411,9	139,8	143,2	398,0	135,5	-3,311	59,62	138,8	132,5	-0,4993	361,4	66,92	0,4871	7,229e+004	1,484e+004	-9303	5461	-7176	-2,045	95,97	406,6	140,2	4,924e+004	1,415e+004	0,7127	8,921
7	3,569e+004	9,962e+004	277,3	410,8	133,6	138,2	395,2	131,6	-3,687	56,72	135,3	129,3	-0,8893	359,3	68,25	0,4664	3,676e+004	1,452e+004	-9323	6129	-7458	-2,634	97,66	406,2	133,7	4,862e+004	1,292e+004	0,7342	8,752
8	3,482e+004	9,776e+004	272,1	397,3	125,2	131,6	391,2	129,1	-4,179	54,00	133,3	123,7	-1,074	359,3	68,53	0,4545	2,830e+004	1,422e+004	-8934	6146	-7765	-3,030	88,47	397,1	125,5	4,642e+004	1,159e+004	0,7503	8,760
9	3,567e+004	1,018e+005	284,9	401,5	116,6	124,4	392,1	126,7	-4,364	51,38	131,0	117,7	-1,286	357,1	71,03	0,4131	3,344e+004	1,378e+004	-8489	6275	-7914	-3,167	83,86	401,1	117,1	4,615e+004	1,047e+004	0,7730	8,786
10	3,625e+004	1,069e+005	299,3	404,4	105,1	113,7	397,6	124,1	-4,754	49,00	128,8	112,9	-1,573	357,1	75,23	0,3772	2,418e+004	1,353e+004	-7990	5707	-7853	-3,632	92,69	397,8	105,7	4,562e+004	9366	0,7947	8,918
11	3,689e+004	1,110e+005	310,8	404,9	94,13	104,3	391,9	121,3	-4,952	46,74	126,3	108,6	-2,079	357,1	78,19	0,3496	1,447e+004	1,320e+004	-7538	5165	-8955	-4,063	86,19	397,4	94,80	4,516e+004	8269	0,8169	9,025
12	3,604e+004	1,099e+005	306,0	395,9	89,89	99,67	382,9	118,7	-5,212	44,82	123,9	104,9	-2,093	359,3	77,80	0,3428	7943	1,259e+004	-7087	5191	-8950	-3,865	87,86	393,3	90,96	4,366e+004	7614	0,8256	8,935
13	 	 	 	 	 	 	 	 	 	 	 	 	 	 	 	 	 	 	 	 	 	 	 	 	 	 	 	 	 
14	 	 	 	 	 	 	 	 	 	 	 	 	 	 	 	 	 	 	 	 	 	 	 	 	 	 	 	 	 
15	 	 	 	 	 	 	 	 	 	 	 	 	 	 	 	 	 	 	 	 	 	 	 	 	 	 	 	 	 
16	3,089e+004	1,033e+005	292,6	368,1	75,50	81,12	363,4	110,3	-5,753	38,15	116,1	92,46	-1,902	352,9	83,17	0,3160	1,965e+004	1,123e+004	-5678	4852	-8005	-5,486	78,71	351,8	75,65	3,703e+004	6144	0,8341	9,026
17	3,042e+004	1,033e+005	292,6	361,6	68,95	73,73	356,5	107,9	-5,835	36,79	113,8	88,50	-1,867	352,9	83,68	0,3024	3,039e+004	1,087e+004	-5595	4341	-7923	-5,548	77,49	349,7	69,23	3,623e+004	5807	0,8397	8,841
18	2,932e+004	1,030e+005	291,7	359,1	67,36	71,40	350,3	105,4	-6,143	35,42	111,5	85,97	-2,326	352,9	84,51	0,2947	2,885e+004	1,032e+004	-5281	4106	-7523	-5,479	66,20	345,2	68,14	3,498e+004	5663	0,8381	8,987
19	2,539e+004	9,398e+004	266,3	331,9	65,65	69,74	322,8	102,3	-6,266	33,41	108,5	82,56	-2,360	352,9	86,49	0,3101	2,708e+004	9652	-5082	3738	-6183	-6,211	68,37	307,9	66,23	3,065e+004	5253	0,8286	8,757
20	2,186e+004	8,291e+004	233,5	294,9	61,43	66,67	281,9	98,80	-6,286	31,93	105,1	78,94	-2,661	355,0	83,80	0,3380	1,893e+004	8961	-4699	3755	-5852	-6,259	66,18	278,7	61,69	2,661e+004	4753	0,8214	8,817
21	2,037e+004	7,757e+004	221,1	281,7	60,59	64,48	268,5	96,66	-6,416	30,53	103,1	76,91	-3,249	350,9	82,78	0,3479	2,377e+004	8605	-4672	3343	-6058	-6,279	68,82	267,1	61,71	2,516e+004	4791	0,8096	8,590
22	1,838e+004	7,233e+004	204,9	263,1	58,14	61,29	246,5	93,73	-6,553	29,35	100,3	73,97	-3,324	352,9	80,85	0,3609	2,621e+004	8147	-4398	2892	-6162	-6,409	61,42	253,5	59,23	2,297e+004	4595	0,8000	8,595
23	1,613e+004	6,580e+004	187,5	243,0	55,47	59,25	225,4	90,35	-6,567	27,66	96,91	71,54	-3,530	350,9	80,48	0,3815	2,581e+004	7490	-4193	2921	-5865	-6,471	56,86	233,0	56,79	2,044e+004	4309	0,7892	8,455
24	1,420e+004	6,070e+004	172,0	229,3	57,28	61,42	217,8	87,09	-6,622	26,50	93,71	69,68	-3,557	352,9	79,70	0,4052	1,692e+004	6902	-3920	2809	-5257	-6,471	58,57	215,8	58,03	1,836e+004	4157	0,7735	8,462
25	 	 	 	 	 	 	 	 	 	 	 	 	 	 	 	 	 	 	 	 	 	 	 	 	 	 	 	 	 
26	 	 	 	 	 	 	 	 	 	 	 	 	 	 	 	 	 	 	 	 	 	 	 	 	 	 	 	 	 

	SW (mmHg*킠)	CO (킠/min)	SV (킠)	Vmax (킠)	Vmin (킠)	Ves (킠)	Ved (킠)	Pmax (mmHg)	Pmin (mmHg)	Pmean (mmHg)	Pdev (mmHg)	Pes (mmHg)	Ped (mmHg)	HR (bpm)	EF (%)	Ea (mmHg/킠)	PowMax (mmHg*킠/s)	dP/dt max (mmHg/s)	dP/dt min (mmHg/s)	dV/dt max (킠/s)	dV/dt min (킠/s)	P@dV/dt max (mmHg)	P@dP/dt max (mmHg)	V@dP/dt max (킠)	V@dP/dt min (킠)	PVA (mmHg*킠)	PE (mmHg*킠)	CE	Tau (ms)
Avg	3,037e+004	9,503e+004	266,3	365,9	99,58	105,0	351,6	117,8	-4,789	45,84	122,5	105,8	-1,588	356,5	75,63	0,3966	4,796e+004	1,196e+004	-7089	4787	-7196	-3,950	80,88	357,5	100,2	3,965e+004	9283	0,7761	8,823
Min	1,420e+004	6,070e+004	172,0	229,3	55,47	59,25	217,8	87,09	-6,622	26,50	93,71	69,68	-3,557	350,9	64,46	0,2947	7943	6902	-1,010e+004	2809	-8955	-6,471	56,86	215,8	56,79	1,836e+004	4157	0,6879	8,455
Max	3,971e+004	1,110e+005	310,8	457,0	162,6	168,7	441,5	147,9	-1,587	69,88	149,5	145,1	1,279	361,4	86,49	0,5087	2,219e+005	1,524e+004	-3920	6275	-5257	0,4446	100,5	456,7	163,0	5,716e+004	1,745e+004	0,8397	9,059
Count	20	20	20	20	20	20	20	20	20	20	20	20	20	20	20	20	20	20	20	20	20	20	20	20	20	20	20	20	20
