	SW (mmHg*킠)	CO (킠/min)	SV (킠)	Vmax (킠)	Vmin (킠)	Ves (킠)	Ved (킠)	Pmax (mmHg)	Pmin (mmHg)	Pmean (mmHg)	Pdev (mmHg)	Pes (mmHg)	Ped (mmHg)	HR (bpm)	EF (%)	Ea (mmHg/킠)	PowMax (mmHg*킠/s)	dP/dt max (mmHg/s)	dP/dt min (mmHg/s)	dV/dt max (킠/s)	dV/dt min (킠/s)	P@dV/dt max (mmHg)	P@dP/dt max (mmHg)	V@dP/dt max (킠)	V@dP/dt min (킠)	PVA (mmHg*킠)	PE (mmHg*킠)	CE	Tau (ms)
1	3,481e+004	1,014e+005	270,4	435,0	164,6	169,7	406,9	137,6	-2,408	62,93	140,1	135,4	0,2736	375,0	62,36	0,5008	1,088e+005	1,513e+004	-1,040e+004	5771	-7015	-0,5678	100,3	433,7	165,7	5,102e+004	1,621e+004	0,6823	8,508
2	3,346e+004	9,883e+004	263,5	428,2	164,7	168,3	398,5	138,4	-2,497	62,80	140,9	135,8	-0,3078	375,0	62,00	0,5152	1,475e+005	1,514e+004	-1,027e+004	5965	-6481	-1,088	92,78	425,1	168,0	5,040e+004	1,694e+004	0,6640	8,677
3	3,231e+004	9,572e+004	255,3	416,5	161,3	165,4	393,5	137,2	-2,921	61,52	140,1	134,3	-0,5678	375,0	62,11	0,5262	1,526e+005	1,523e+004	-9748	6034	-6807	-1,272	94,19	411,0	163,1	4,864e+004	1,634e+004	0,6642	8,664
4	3,170e+004	9,369e+004	251,4	404,0	152,6	156,7	377,9	134,3	-3,222	59,00	137,5	131,3	-1,012	372,7	62,93	0,5222	1,608e+005	1,504e+004	-9419	5523	-7236	-1,977	90,92	399,5	153,4	4,700e+004	1,530e+004	0,6746	8,628
5	3,029e+004	9,098e+004	241,1	382,2	141,1	144,7	365,6	132,1	-3,591	56,83	135,7	127,1	-0,9713	377,4	63,88	0,5270	1,250e+005	1,480e+004	-9070	4957	-6980	-2,545	91,92	377,4	141,7	4,395e+004	1,365e+004	0,6894	8,588
6	2,924e+004	9,221e+004	245,9	374,3	128,4	132,7	341,6	129,2	-4,186	53,29	133,4	121,6	-1,505	375,0	67,11	0,4945	2,484e+005	1,441e+004	-8708	5125	-7652	-3,167	97,98	366,4	128,7	4,154e+004	1,230e+004	0,7039	8,528
7	2,877e+004	9,077e+004	242,0	356,5	114,4	120,3	330,4	126,1	-4,501	50,35	130,6	116,5	-1,731	375,0	69,22	0,4814	1,677e+005	1,389e+004	-8167	4688	-7957	-3,434	86,26	349,7	114,7	3,941e+004	1,064e+004	0,7299	8,624
8	2,733e+004	8,953e+004	237,3	341,2	103,9	109,0	326,0	123,0	-5,110	48,04	128,1	110,5	-1,847	377,4	71,31	0,4658	2,004e+005	1,346e+004	-7695	4772	-7944	-3,769	88,28	332,7	104,1	3,700e+004	9664	0,7388	8,571
9	2,760e+004	8,919e+004	237,9	330,2	92,35	97,33	319,7	120,2	-5,294	45,59	125,5	103,9	-2,483	375,0	72,34	0,4370	5,941e+004	1,302e+004	-7141	5162	-7583	-4,043	87,09	328,8	92,40	3,618e+004	8580	0,7628	8,598
10	2,778e+004	9,168e+004	246,0	330,1	84,11	89,80	322,8	117,8	-5,479	43,48	123,2	101,0	-2,675	372,7	75,06	0,4105	8,025e+004	1,256e+004	-6868	5368	-8074	-4,357	82,94	327,7	84,40	3,576e+004	7977	0,7769	8,504
11	2,798e+004	9,420e+004	251,2	329,7	78,49	82,91	325,4	115,3	-5,664	42,09	121,0	96,87	-2,729	375,0	76,72	0,3856	5,466e+004	1,203e+004	-6498	4735	-7721	-4,474	75,81	327,4	79,10	3,536e+004	7381	0,7913	8,707
12	2,814e+004	9,742e+004	261,4	334,7	73,31	76,74	331,5	113,1	-5,746	40,35	118,9	94,12	-3,112	372,7	79,98	0,3600	5,658e+004	1,169e+004	-6170	4336	-8188	-3,974	76,05	326,8	74,15	3,526e+004	7113	0,7982	8,516
13	2,812e+004	9,871e+004	266,5	336,9	70,39	73,24	330,9	110,9	-5,876	38,69	116,7	90,31	-3,311	370,4	80,79	0,3388	6,571e+004	1,121e+004	-5951	4072	-8588	-5,397	72,30	329,9	71,80	3,502e+004	6893	0,8031	8,483
14	2,715e+004	9,716e+004	262,3	326,5	64,17	66,51	322,4	108,6	-5,869	37,26	114,5	86,93	-3,160	370,4	82,44	0,3314	5,696e+004	1,080e+004	-5732	4529	-7775	-5,527	76,52	318,2	65,55	3,339e+004	6239	0,8132	8,382
15	2,590e+004	9,583e+004	258,7	318,6	59,83	62,25	317,6	106,3	-6,033	35,96	112,4	84,32	-2,935	370,4	84,26	0,3259	5,623e+004	1,034e+004	-5411	4498	-7249	-5,828	67,58	307,1	61,71	3,167e+004	5778	0,8176	8,438
16	2,506e+004	9,550e+004	259,4	315,1	55,66	58,08	313,9	104,0	-6,033	34,36	110,1	82,48	-2,852	368,1	87,40	0,3179	5,129e+004	9884	-5253	4163	-7588	-5,876	73,44	296,8	57,33	3,052e+004	5458	0,8212	8,355
17	2,438e+004	9,484e+004	256,1	308,5	52,45	55,01	304,2	101,5	-6,259	33,30	107,7	80,24	-2,565	370,4	87,83	0,3134	4,740e+004	9419	-5082	3941	-7271	-5,725	72,91	291,5	54,52	2,946e+004	5086	0,8274	8,414
18	 	 	 	 	 	 	 	 	 	 	 	 	 	 	 	 	 	 	 	 	 	 	 	 	 	 	 	 	 
19	 	 	 	 	 	 	 	 	 	 	 	 	 	 	 	 	 	 	 	 	 	 	 	 	 	 	 	 	 
20	 	 	 	 	 	 	 	 	 	 	 	 	 	 	 	 	 	 	 	 	 	 	 	 	 	 	 	 	 
21	 	 	 	 	 	 	 	 	 	 	 	 	 	 	 	 	 	 	 	 	 	 	 	 	 	 	 	 	 
22	 	 	 	 	 	 	 	 	 	 	 	 	 	 	 	 	 	 	 	 	 	 	 	 	 	 	 	 	 
23	 	 	 	 	 	 	 	 	 	 	 	 	 	 	 	 	 	 	 	 	 	 	 	 	 	 	 	 	 
24	 	 	 	 	 	 	 	 	 	 	 	 	 	 	 	 	 	 	 	 	 	 	 	 	 	 	 	 	 
25	 	 	 	 	 	 	 	 	 	 	 	 	 	 	 	 	 	 	 	 	 	 	 	 	 	 	 	 	 
26	 	 	 	 	 	 	 	 	 	 	 	 	 	 	 	 	 	 	 	 	 	 	 	 	 	 	 	 	 
27	 	 	 	 	 	 	 	 	 	 	 	 	 	 	 	 	 	 	 	 	 	 	 	 	 	 	 	 	 
28	 	 	 	 	 	 	 	 	 	 	 	 	 	 	 	 	 	 	 	 	 	 	 	 	 	 	 	 	 
29	 	 	 	 	 	 	 	 	 	 	 	 	 	 	 	 	 	 	 	 	 	 	 	 	 	 	 	 	 
30	 	 	 	 	 	 	 	 	 	 	 	 	 	 	 	 	 	 	 	 	 	 	 	 	 	 	 	 	 
31	 	 	 	 	 	 	 	 	 	 	 	 	 	 	 	 	 	 	 	 	 	 	 	 	 	 	 	 	 
32	 	 	 	 	 	 	 	 	 	 	 	 	 	 	 	 	 	 	 	 	 	 	 	 	 	 	 	 	 
33	 	 	 	 	 	 	 	 	 	 	 	 	 	 	 	 	 	 	 	 	 	 	 	 	 	 	 	 	 
34	 	 	 	 	 	 	 	 	 	 	 	 	 	 	 	 	 	 	 	 	 	 	 	 	 	 	 	 	 
35	 	 	 	 	 	 	 	 	 	 	 	 	 	 	 	 	 	 	 	 	 	 	 	 	 	 	 	 	 
36	 	 	 	 	 	 	 	 	 	 	 	 	 	 	 	 	 	 	 	 	 	 	 	 	 	 	 	 	 

	SW (mmHg*킠)	CO (킠/min)	SV (킠)	Vmax (킠)	Vmin (킠)	Ves (킠)	Ved (킠)	Pmax (mmHg)	Pmin (mmHg)	Pmean (mmHg)	Pdev (mmHg)	Pes (mmHg)	Ped (mmHg)	HR (bpm)	EF (%)	Ea (mmHg/킠)	PowMax (mmHg*킠/s)	dP/dt max (mmHg/s)	dP/dt min (mmHg/s)	dV/dt max (킠/s)	dV/dt min (킠/s)	P@dV/dt max (mmHg)	P@dP/dt max (mmHg)	V@dP/dt max (킠)	V@dP/dt min (킠)	PVA (mmHg*킠)	PE (mmHg*킠)	CE	Tau (ms)
Avg	2,883e+004	9,457e+004	253,3	357,0	103,6	107,6	342,9	120,9	-4,746	47,40	125,7	107,8	-1,970	373,4	73,40	0,4267	1,082e+005	1,283e+004	-7505	4920	-7536	-3,707	83,95	350,0	104,7	3,892e+004	1,009e+004	0,7505	8,540
Min	2,438e+004	8,919e+004	237,3	308,5	52,45	55,01	304,2	101,5	-6,259	33,30	107,7	80,24	-3,311	368,1	62,00	0,3134	4,740e+004	9419	-1,040e+004	3941	-8588	-5,876	67,58	291,5	54,52	2,946e+004	5086	0,6640	8,355
Max	3,481e+004	1,014e+005	270,4	435,0	164,7	169,7	406,9	138,4	-2,408	62,93	140,9	135,8	0,2736	377,4	87,83	0,5270	2,484e+005	1,523e+004	-5082	6034	-6481	-0,5678	100,3	433,7	168,0	5,102e+004	1,694e+004	0,8274	8,707
Count	17	17	17	17	17	17	17	17	17	17	17	17	17	17	17	17	17	17	17	17	17	17	17	17	17	17	17	17	17
