	SW (mmHg*킠)	CO (킠/min)	SV (킠)	Vmax (킠)	Vmin (킠)	Ves (킠)	Ved (킠)	Pmax (mmHg)	Pmin (mmHg)	Pmean (mmHg)	Pdev (mmHg)	Pes (mmHg)	Ped (mmHg)	HR (bpm)	EF (%)	Ea (mmHg/킠)	PowMax (mmHg*킠/s)	dP/dt max (mmHg/s)	dP/dt min (mmHg/s)	dV/dt max (킠/s)	dV/dt min (킠/s)	P@dV/dt max (mmHg)	P@dP/dt max (mmHg)	V@dP/dt max (킠)	V@dP/dt min (킠)	PVA (mmHg*킠)	PE (mmHg*킠)	CE	Tau (ms)
1	 	 	 	 	 	 	 	 	 	 	 	 	 	 	 	 	 	 	 	 	 	 	 	 	 	 	 	 	 
2	 	 	 	 	 	 	 	 	 	 	 	 	 	 	 	 	 	 	 	 	 	 	 	 	 	 	 	 	 
3	 	 	 	 	 	 	 	 	 	 	 	 	 	 	 	 	 	 	 	 	 	 	 	 	 	 	 	 	 
4	 	 	 	 	 	 	 	 	 	 	 	 	 	 	 	 	 	 	 	 	 	 	 	 	 	 	 	 	 
5	 	 	 	 	 	 	 	 	 	 	 	 	 	 	 	 	 	 	 	 	 	 	 	 	 	 	 	 	 
6	 	 	 	 	 	 	 	 	 	 	 	 	 	 	 	 	 	 	 	 	 	 	 	 	 	 	 	 	 
7	 	 	 	 	 	 	 	 	 	 	 	 	 	 	 	 	 	 	 	 	 	 	 	 	 	 	 	 	 
8	 	 	 	 	 	 	 	 	 	 	 	 	 	 	 	 	 	 	 	 	 	 	 	 	 	 	 	 	 
9	 	 	 	 	 	 	 	 	 	 	 	 	 	 	 	 	 	 	 	 	 	 	 	 	 	 	 	 	 
10	6462	5,041e+004	142,0	242,6	100,6	165,3	152,2	121,2	0,5130	55,71	120,7	115,5	3,078	355,0	71,67	0,8138	3,632e+005	6320	-5526	3492	-2396	98,81	69,58	198,1	152,1	3,868e+004	3,222e+004	0,1671	11,99
11	6572	5,145e+004	145,8	243,9	98,15	163,9	149,8	120,8	0,5061	55,04	120,3	115,9	2,907	352,9	70,32	0,7953	3,789e+005	6272	-5574	3779	-2761	97,00	79,89	207,3	154,0	3,921e+004	3,264e+004	0,1676	11,67
12	6505	5,077e+004	143,0	239,2	96,15	164,8	151,4	120,4	0,4514	55,24	120,0	115,4	3,057	355,0	70,13	0,8070	3,531e+005	6258	-5478	3572	-2493	93,76	76,03	203,9	152,2	3,876e+004	3,226e+004	0,1678	11,85
13	6102	4,815e+004	136,4	233,4	96,95	163,6	152,1	120,1	0,4924	54,68	119,6	114,3	2,941	352,9	69,27	0,8377	3,591e+005	6258	-5581	3649	-2102	96,64	73,64	196,9	152,0	3,797e+004	3,187e+004	0,1607	11,58
14	6205	4,906e+004	138,2	236,0	97,80	159,8	149,3	119,8	0,3693	54,90	119,5	114,4	3,221	355,0	71,26	0,8279	3,345e+005	6197	-5526	3418	-2382	71,72	65,54	193,9	149,7	3,825e+004	3,205e+004	0,1622	11,66
15	6154	4,986e+004	139,6	236,1	96,44	159,9	144,1	119,6	0,4240	55,08	119,2	114,5	2,961	357,1	68,66	0,8198	3,282e+005	6183	-5519	3504	-2563	33,52	80,86	203,3	150,8	3,831e+004	3,216e+004	0,1606	11,48
16	6219	4,876e+004	138,2	233,9	95,71	163,8	147,5	119,3	0,3215	54,19	119,0	113,9	2,791	352,9	69,73	0,8242	3,108e+005	6142	-5465	3427	-2362	81,51	69,30	198,1	151,0	3,798e+004	3,176e+004	0,1637	11,64
17	6041	4,769e+004	134,3	230,5	96,22	158,7	147,4	119,3	0,3693	54,60	118,9	112,4	2,866	355,0	71,29	0,8369	3,525e+005	6121	-5526	3562	-2113	95,96	61,17	188,4	148,5	3,738e+004	3,134e+004	0,1616	11,52
18	 	 	 	 	 	 	 	 	 	 	 	 	 	 	 	 	 	 	 	 	 	 	 	 	 	 	 	 	 
19	6137	4,944e+004	140,1	235,7	95,61	161,1	145,4	119,3	0,3283	54,51	119,0	113,9	2,859	352,9	71,52	0,8134	3,599e+005	6135	-5451	3734	-2231	90,13	66,33	195,9	150,9	3,812e+004	3,199e+004	0,1610	11,67
20	6146	4,738e+004	134,3	231,0	96,79	162,6	150,3	119,3	0,4446	54,66	118,8	114,4	2,825	352,9	67,13	0,8523	3,010e+005	6190	-5554	3241	-2162	82,43	76,38	200,0	150,6	3,810e+004	3,195e+004	0,1613	11,53
21	6149	4,764e+004	135,0	233,5	98,49	158,8	147,9	119,3	0,3967	54,59	118,9	112,1	2,914	352,9	69,66	0,8304	3,261e+005	6101	-5472	3268	-2008	89,75	65,95	193,8	148,2	3,750e+004	3,135e+004	0,1640	11,68
22	6218	4,989e+004	142,2	239,4	97,23	162,5	147,9	119,4	0,4582	54,63	118,9	114,8	2,920	350,9	69,22	0,8072	3,425e+005	6156	-5485	3967	-2790	64,67	76,97	205,4	152,4	3,855e+004	3,233e+004	0,1613	11,60
23	6367	4,879e+004	138,2	235,7	97,42	165,5	151,2	119,5	0,4377	54,99	119,1	114,2	3,078	352,9	67,70	0,8262	3,273e+005	6169	-5355	3344	-2236	92,96	75,63	204,2	152,9	3,831e+004	3,194e+004	0,1662	11,66
24	6457	4,835e+004	137,8	237,6	99,81	161,4	150,5	119,6	0,4104	54,92	119,2	114,2	2,982	350,9	69,65	0,8290	3,255e+005	6183	-5451	3456	-2145	78,91	66,58	197,9	150,2	3,847e+004	3,201e+004	0,1678	11,57
25	6320	4,988e+004	141,3	240,3	98,97	163,5	149,2	119,8	0,4993	55,40	119,3	115,2	2,982	352,9	67,86	0,8153	3,512e+005	6183	-5472	3608	-2297	67,78	80,14	208,2	154,0	3,884e+004	3,252e+004	0,1627	11,57
26	6462	4,802e+004	136,9	235,8	98,98	166,5	151,5	119,8	0,4719	55,06	119,3	115,4	2,975	350,9	65,62	0,8433	3,013e+005	6190	-5383	3609	-2308	47,64	78,14	208,6	153,4	3,884e+004	3,238e+004	0,1664	11,63
27	6040	4,716e+004	132,8	233,8	101,0	163,1	148,7	119,8	0,5266	55,74	119,3	114,9	3,139	355,0	66,52	0,8651	3,026e+005	6142	-5431	3447	-2183	76,79	70,65	199,7	153,1	3,844e+004	3,240e+004	0,1571	11,73
28	6286	4,965e+004	141,5	242,1	100,6	164,1	146,8	119,8	0,4993	55,10	119,3	115,7	2,873	350,9	69,80	0,8176	3,493e+005	6142	-5444	3839	-2647	70,45	70,45	202,7	152,5	3,893e+004	3,264e+004	0,1615	11,70
29	6157	4,858e+004	137,6	236,8	99,14	168,4	151,7	119,9	0,5677	55,53	119,3	115,3	3,050	352,9	67,54	0,8379	3,327e+005	6162	-5485	3497	-2149	92,52	74,96	203,8	156,0	3,853e+004	3,237e+004	0,1598	11,52
30	6035	4,798e+004	135,9	237,9	102,0	164,9	150,9	119,8	0,5130	55,56	119,3	114,9	3,023	352,9	66,61	0,8451	3,319e+005	6197	-5396	3594	-2113	72,96	79,15	204,1	153,9	3,838e+004	3,234e+004	0,1573	11,62
31	6365	4,982e+004	142,8	242,7	99,90	165,1	149,2	119,9	0,5608	55,02	119,3	115,4	2,866	348,8	70,21	0,8083	3,421e+005	6176	-5478	3545	-2385	81,58	69,36	203,4	156,7	3,907e+004	3,270e+004	0,1629	11,53
32	6189	4,890e+004	138,5	239,4	100,9	167,6	153,3	119,8	0,5198	55,66	119,3	115,3	3,228	352,9	69,07	0,8325	3,311e+005	6162	-5526	3428	-2283	83,10	70,90	200,6	153,1	3,850e+004	3,231e+004	0,1607	11,47
33	6249	4,996e+004	141,6	244,3	102,8	163,2	150,2	119,6	0,5608	55,51	119,1	114,5	3,044	352,9	70,41	0,8086	3,787e+005	6128	-5451	4019	-2597	86,44	68,29	201,1	154,4	3,870e+004	3,245e+004	0,1615	11,53
34	6189	5,025e+004	143,2	243,1	99,88	167,7	150,6	119,6	0,5266	55,32	119,1	115,3	2,989	350,9	68,48	0,8049	3,396e+005	6156	-5499	3508	-2400	58,63	77,01	209,1	158,0	3,894e+004	3,275e+004	0,1589	11,47
35	6006	4,835e+004	137,8	238,9	101,1	169,2	152,7	119,6	0,6087	55,30	119,0	114,8	3,078	350,9	66,90	0,8331	3,512e+005	6135	-5437	3744	-2137	85,63	79,69	206,0	155,1	3,822e+004	3,222e+004	0,1571	11,62
36	6047	4,921e+004	140,3	242,0	101,8	165,1	151,3	119,6	0,4582	55,31	119,1	114,6	3,139	350,9	70,22	0,8174	3,580e+005	6128	-5431	3569	-2200	87,11	69,06	199,7	154,6	3,843e+004	3,239e+004	0,1573	11,54
37	6238	4,982e+004	142,0	243,9	102,0	164,7	149,5	119,6	0,5745	55,49	119,0	115,3	2,989	350,9	67,71	0,8121	3,520e+005	6169	-5492	3780	-2588	66,00	78,32	209,7	155,7	3,906e+004	3,282e+004	0,1597	11,47
38	6065	4,935e+004	140,7	240,2	99,52	168,5	154,0	119,6	0,5130	55,36	119,1	114,4	3,003	350,9	68,67	0,8132	3,676e+005	6128	-5513	3664	-2177	99,10	77,88	204,8	156,4	3,829e+004	3,222e+004	0,1584	11,41
39	5911	4,749e+004	136,1	238,0	101,9	166,3	150,4	119,5	0,5335	55,09	119,0	114,5	2,968	348,8	66,73	0,8413	3,304e+005	6156	-5506	3693	-2390	64,54	76,81	204,0	155,4	3,821e+004	3,230e+004	0,1547	11,51

	SW (mmHg*킠)	CO (킠/min)	SV (킠)	Vmax (킠)	Vmin (킠)	Ves (킠)	Ved (킠)	Pmax (mmHg)	Pmin (mmHg)	Pmean (mmHg)	Pdev (mmHg)	Pes (mmHg)	Ped (mmHg)	HR (bpm)	EF (%)	Ea (mmHg/킠)	PowMax (mmHg*킠/s)	dP/dt max (mmHg/s)	dP/dt min (mmHg/s)	dV/dt max (킠/s)	dV/dt min (킠/s)	P@dV/dt max (mmHg)	P@dP/dt max (mmHg)	V@dP/dt max (킠)	V@dP/dt min (킠)	PVA (mmHg*킠)	PE (mmHg*킠)	CE	Tau (ms)
Avg	6217	4,904e+004	139,1	238,2	99,09	164,1	149,9	119,7	0,4778	55,11	119,3	114,7	2,991	352,5	68,95	0,8247	3,408e+005	6174	-5480	3585	-2331	79,59	73,26	201,8	153,0	3,845e+004	3,223e+004	0,1617	11,60
Min	5911	4,716e+004	132,8	230,5	95,61	158,7	144,1	119,3	0,3215	54,19	118,8	112,1	2,791	348,8	65,62	0,7953	3,010e+005	6101	-5581	3241	-2790	33,52	61,17	188,4	148,2	3,738e+004	3,134e+004	0,1547	11,41
Max	6572	5,145e+004	145,8	244,3	102,8	169,2	154,0	121,2	0,6087	55,74	120,7	115,9	3,228	357,1	71,67	0,8651	3,789e+005	6320	-5355	4019	-2008	99,10	80,86	209,7	158,0	3,921e+004	3,282e+004	0,1678	11,99
Count	29	29	29	29	29	29	29	29	29	29	29	29	29	29	29	29	29	29	29	29	29	29	29	29	29	29	29	29	29
