	SW (mmHg*킠)	CO (킠/min)	SV (킠)	Vmax (킠)	Vmin (킠)	Ves (킠)	Ved (킠)	Pmax (mmHg)	Pmin (mmHg)	Pmean (mmHg)	Pdev (mmHg)	Pes (mmHg)	Ped (mmHg)	HR (bpm)	EF (%)	Ea (mmHg/킠)	PowMax (mmHg*킠/s)	dP/dt max (mmHg/s)	dP/dt min (mmHg/s)	dV/dt max (킠/s)	dV/dt min (킠/s)	P@dV/dt max (mmHg)	P@dP/dt max (mmHg)	V@dP/dt max (킠)	V@dP/dt min (킠)	Tau (ms)
1	4,000e+004	1,279e+005	447,6	691,7	244,1	268,1	566,0	116,4	1,293	65,27	115,1	113,0	21,93	285,7	70,21	0,2525	4,514e+005	4898	-4741	1,095e+004	-1,093e+004	1,423	64,98	637,5	258,7	19,31
2	4,173e+004	1,178e+005	447,7	686,7	239,0	265,5	569,9	117,4	1,963	61,92	115,5	114,2	3,243	263,2	68,12	0,2550	4,377e+005	4946	-4556	1,156e+004	-1,096e+004	2,093	72,29	657,2	252,4	19,86
3	 	 	 	 	 	 	 	 	 	 	 	 	 	 	 	 	 	 	 	 	 	 	 	 	 	 
4	 	 	 	 	 	 	 	 	 	 	 	 	 	 	 	 	 	 	 	 	 	 	 	 	 	 
5	4,096e+004	1,225e+005	463,4	722,7	259,3	270,8	588,0	118,1	2,620	63,16	115,5	114,5	3,995	264,3	71,03	0,2471	5,997e+005	4960	-4242	1,191e+004	-1,137e+004	2,784	74,02	652,4	262,4	20,95

	SW (mmHg*킠)	CO (킠/min)	SV (킠)	Vmax (킠)	Vmin (킠)	Ves (킠)	Ved (킠)	Pmax (mmHg)	Pmin (mmHg)	Pmean (mmHg)	Pdev (mmHg)	Pes (mmHg)	Ped (mmHg)	HR (bpm)	EF (%)	Ea (mmHg/킠)	PowMax (mmHg*킠/s)	dP/dt max (mmHg/s)	dP/dt min (mmHg/s)	dV/dt max (킠/s)	dV/dt min (킠/s)	P@dV/dt max (mmHg)	P@dP/dt max (mmHg)	V@dP/dt max (킠)	V@dP/dt min (킠)	Tau (ms)
Avg	4,090e+004	1,227e+005	452,9	700,4	247,5	268,1	574,6	117,3	1,959	63,45	115,4	113,9	9,724	271,1	69,79	0,2516	4,963e+005	4935	-4513	1,147e+004	-1,109e+004	2,100	70,43	649,0	257,8	20,04
Min	4,000e+004	1,178e+005	447,6	686,7	239,0	265,5	566,0	116,4	1,293	61,92	115,1	113,0	3,243	263,2	68,12	0,2471	4,377e+005	4898	-4741	1,095e+004	-1,137e+004	1,423	64,98	637,5	252,4	19,31
Max	4,173e+004	1,279e+005	463,4	722,7	259,3	270,8	588,0	118,1	2,620	65,27	115,5	114,5	21,93	285,7	71,03	0,2550	5,997e+005	4960	-4242	1,191e+004	-1,093e+004	2,784	74,02	657,2	262,4	20,95
Count	3	3	3	3	3	3	3	3	3	3	3	3	3	3	3	3	3	3	3	3	3	3	3	3	3	3
