 	 	 	 	 	Channel 6	Channel 7	Channel 8
 	 	 	 	 	Mean	Mean	Mean
 	 	 	 	 	 	 	 
2,0114	261,2889	 	 	 	 	 	 
2,025	264,6897	 	 	 	 	 	 
2,0387	267,8679	 	 	 	 	 	 
2,0387	270,7234	 	 	 	 	 	 
2,0387	273,3374	 	 	 	 	 	 
2,0045	275,7687	 	 	 	 	 	 
2,0387	278,0611	 	 	 	 	 	 
2,0387	280,218	 	 	 	 	 	 
2,0661	282,1606	 	 	 	 	 	 
2,0524	283,7212	 	 	 	 	 	 
2,0524	285,2198	 	 	 	 	 	 
2,0592	286,6839	 	 	 	 	 	 
2,1003	288,1116	 	 	 	 	 	 
2,1003	289,5505	 	 	 	 	 	 
2,0935	291,1222	 	 	 	 	 	 
2,0524	292,826	 	 	 	 	 	 
2,1003	294,7135	 	 	 	 	 	 
2,0798	296,73	 	 	 	 	 	 
2,0935	298,8575	 	 	 	 	 	 
2,1071	301,0913	 	 	 	 	 	 
2,0798	303,4649	 	 	 	 	 	 
2,0866	306,1441	 	 	 	 	 	 
2,1208	309,1833	 	 	 	 	 	 
2,1071	312,1143	 	 	 	 	 	 
2,1003	314,9045	 	 	 	 	 	 
2,1208	317,6069	 	 	 	 	 	 
2,1071	320,2753	 	 	 	 	 	 
2,155	322,7729	 	 	 	 	 	 
2,1482	325,0923	 	 	 	 	 	 
2,1482	327,2347	 	 	 	 	 	 
2,1755	329,2304	 	 	 	 	 	 
2,1755	331,0688	 	 	 	 	 	 
2,2029	332,7155	 	 	 	 	 	 
2,2234	334,106	 	 	 	 	 	 
2,244	335,1957	 	 	 	 	 	 
2,2713	336,0598	 	 	 	 	 	 
2,2919	336,9787	 	 	 	 	 	 
2,3192	337,9706	 	 	 	 	 	 
2,3945	339,0158	 	 	 	 	 	 
2,415	339,9693	 	 	 	 	 	 
2,4492	340,8242	 	 	 	 	 	 
2,4834	341,5911	 	 	 	 	 	 
2,5176	342,2738	 	 	 	 	 	 
2,586	342,8737	 	 	 	 	 	 
2,6476	343,4786	 	 	 	 	 	 
2,6887	344,1592	 	 	 	 	 	 
2,6887	344,9515	 	 	 	 	 	 
2,7913	345,7704	 	 	 	 	 	 
2,8186	346,5408	 	 	 	 	 	 
2,846	347,2023	 	 	 	 	 	 
2,8871	347,8593	 	 	 	 	 	 
2,9691	348,5097	 	 	 	 	 	 
2,9897	349,2683	 	 	 	 	 	 
3,0376	350,2656	 	 	 	 	 	 
3,0581	351,4719	 	 	 	 	 	 
3,1197	352,8921	 	 	 	 	 	 
3,1265	354,5627	 	 	 	 	 	 
3,1675	356,3128	 	 	 	 	 	 
3,1949	358,0818	 	 	 	 	 	 
3,2291	359,8857	 	 	 	 	 	 
3,236	361,8069	 	 	 	 	 	 
3,2975	363,8768	 	 	 	 	 	 
3,3044	366,0481	 	 	 	 	 	 
3,3933	368,1066	 	 	 	 	 	 
3,3728	370,0301	 	 	 	 	 	 
3,4344	371,7313	 	 	 	 	 	 
3,4617	373,1598	 	 	 	 	 	 
3,5096	374,3735	 	 	 	 	 	 
3,4822	375,3507	 	 	 	 	 	 
3,5575	376,0389	 	 	 	 	 	 
3,578	376,5569	 	 	 	 	 	 
3,6191	376,9551	 	 	 	 	 	 
3,6396	377,1983	 	 	 	 	 	 
3,6464	377,2429	 	 	 	 	 	 
3,667	377,1394	 	 	 	 	 	 
3,7012	376,9767	 	 	 	 	 	 
3,7354	376,8488	 	 	 	 	 	 
3,7833	376,7808	 	 	 	 	 	 
3,7833	376,8181	 	 	 	 	 	 
3,8243	376,9831	 	 	 	 	 	 
3,838	377,2637	 	 	 	 	 	 
3,8722	377,6193	 	 	 	 	 	 
3,8654	378,0182	 	 	 	 	 	 
3,9133	378,4422	 	 	 	 	 	 
3,9611	378,8757	 	 	 	 	 	 
3,9748	379,3689	 	 	 	 	 	 
3,9611	379,9174	 	 	 	 	 	 
4,0159	380,4274	 	 	 	 	 	 
4,0296	380,8954	 	 	 	 	 	 
4,0706	381,4313	 	 	 	 	 	 
4,0774	382,049	 	 	 	 	 	 
4,1048	382,7115	 	 	 	 	 	 
4,098	383,3441	 	 	 	 	 	 
4,1595	383,9172	 	 	 	 	 	 
4,1801	384,5383	 	 	 	 	 	 
4,2006	385,3604	 	 	 	 	 	 
4,228	386,3683	 	 	 	 	 	 
4,2964	387,3864	 	 	 	 	 	 
4,2895	388,3083	 	 	 	 	 	 
4,3237	389,1732	 	 	 	 	 	 
4,3921	390,0647	 	 	 	 	 	 
4,3921	391,0224	 	 	 	 	 	 
4,4948	391,8898	 	 	 	 	 	 
4,5905	392,5897	 	 	 	 	 	 
4,659	393,1852	 	 	 	 	 	 
4,83	393,7368	 	 	 	 	 	 
4,9873	394,2528	 	 	 	 	 	 
5,2884	394,6823	 	 	 	 	 	 
5,5757	394,8409	 	 	 	 	 	 
5,9657	394,6625	 	 	 	 	 	 
6,4582	394,4545	 	 	 	 	 	 
7,0397	394,2521	 	 	 	 	 	 
7,7307	393,9734	 	 	 	 	 	 
8,5722	393,5303	 	 	 	 	 	 
9,4547	392,8109	 	 	 	 	 	 
10,4194	391,8682	 	 	 	 	 	 
11,4114	390,7855	 	 	 	 	 	 
12,5334	389,5747	 	 	 	 	 	 
13,8537	388,2191	 	 	 	 	 	 
15,913	386,6788	 	 	 	 	 	 
18,5401	384,9408	 	 	 	 	 	 
21,3997	383,0458	 	 	 	 	 	 
24,4168	381,1035	 	 	 	 	 	 
27,4885	379,0136	 	 	 	 	 	 
30,8545	376,8939	 	 	 	 	 	 
34,3983	374,7648	 	 	 	 	 	 
38,0516	372,7094	 	 	 	 	 	 
41,8827	370,7761	 	 	 	 	 	 
45,8986	368,9743	 	 	 	 	 	 
50,0787	367,1531	 	 	 	 	 	 
54,2998	365,2273	 	 	 	 	 	 
58,4251	363,1089	 	 	 	 	 	 
62,0305	360,8759	 	 	 	 	 	 
64,9244	358,4689	 	 	 	 	 	 
66,9905	355,9574	 	 	 	 	 	 
68,2835	353,3254	 	 	 	 	 	 
68,9471	350,4981	 	 	 	 	 	 
69,1387	347,266	 	 	 	 	 	 
68,9745	343,7	 	 	 	 	 	 
68,5845	339,7597	 	 	 	 	 	 
68,1535	335,4635	 	 	 	 	 	 
67,7567	330,7527	 	 	 	 	 	 
67,4557	325,8685	 	 	 	 	 	 
67,3394	320,8391	 	 	 	 	 	 
67,4762	315,8343	 	 	 	 	 	 
67,8388	310,8	 	 	 	 	 	 
68,3861	305,8771	 	 	 	 	 	 
69,1045	300,9919	 	 	 	 	 	 
69,8707	296,0997	 	 	 	 	 	 
70,6369	291,1825	 	 	 	 	 	 
71,3484	286,4932	 	 	 	 	 	 
71,9847	281,9583	 	 	 	 	 	 
72,5525	277,5921	 	 	 	 	 	 
73,0246	273,3591	 	 	 	 	 	 
73,4419	269,3782	 	 	 	 	 	 
73,8318	265,5088	 	 	 	 	 	 
74,1602	261,797	 	 	 	 	 	 
74,516	258,1381	 	 	 	 	 	 
74,858	254,5789	 	 	 	 	 	 
75,248	250,9665	 	 	 	 	 	 
75,6927	247,3911	 	 	 	 	 	 
76,0963	243,8338	 	 	 	 	 	 
76,5821	240,3942	 	 	 	 	 	 
77,0131	236,9517	 	 	 	 	 	 
77,4578	233,5875	 	 	 	 	 	 
77,8477	230,2411	 	 	 	 	 	 
78,2308	226,9558	 	 	 	 	 	 
78,5592	223,6381	 	 	 	 	 	 
78,9013	220,3288	 	 	 	 	 	 
79,1612	216,9695	 	 	 	 	 	 
79,4349	213,6025	 	 	 	 	 	 
79,6607	210,1405	 	 	 	 	 	 
79,8933	206,7488	 	 	 	 	 	 
80,1396	203,4082	 	 	 	 	 	 
80,379	200,1973	 	 	 	 	 	 
80,5843	197,0421	 	 	 	 	 	 
80,8647	193,9308	 	 	 	 	 	 
81,0905	190,784	 	 	 	 	 	 
81,3026	187,7083	 	 	 	 	 	 
81,4668	184,6856	 	 	 	 	 	 
81,6926	181,7859	 	 	 	 	 	 
81,8841	178,9955	 	 	 	 	 	 
82,0415	176,3563	 	 	 	 	 	 
82,1783	173,8166	 	 	 	 	 	 
82,3356	171,4992	 	 	 	 	 	 
82,4793	169,3266	 	 	 	 	 	 
82,6435	167,2336	 	 	 	 	 	 
82,7735	165,1702	 	 	 	 	 	 
82,9172	163,1818	 	 	 	 	 	 
83,0266	161,2817	 	 	 	 	 	 
83,1566	159,5199	 	 	 	 	 	 
83,2592	157,8242	 	 	 	 	 	 
83,3892	156,1927	 	 	 	 	 	 
83,485	154,59	 	 	 	 	 	 
83,5739	153,0098	 	 	 	 	 	 
83,6492	151,4589	 	 	 	 	 	 
83,7176	149,9873	 	 	 	 	 	 
83,786	148,5146	 	 	 	 	 	 
83,8544	147,0039	 	 	 	 	 	 
83,8886	145,4884	 	 	 	 	 	 
83,9707	143,9823	 	 	 	 	 	 
83,9502	142,4627	 	 	 	 	 	 
83,9981	140,9122	 	 	 	 	 	 
83,9707	139,3215	 	 	 	 	 	 
84,0118	137,7154	 	 	 	 	 	 
83,9981	136,0866	 	 	 	 	 	 
84,0118	134,4216	 	 	 	 	 	 
84,0186	132,7147	 	 	 	 	 	 
83,9844	130,9268	 	 	 	 	 	 
83,9297	129,0505	 	 	 	 	 	 
83,9228	127,105	 	 	 	 	 	 
83,8613	125,1373	 	 	 	 	 	 
83,8544	123,1725	 	 	 	 	 	 
83,7792	121,2229	 	 	 	 	 	 
83,7997	119,2872	 	 	 	 	 	 
83,6902	117,3956	 	 	 	 	 	 
83,6834	115,5404	 	 	 	 	 	 
83,6081	113,7234	 	 	 	 	 	 
83,5602	111,9527	 	 	 	 	 	 
83,4781	110,2527	 	 	 	 	 	 
83,4166	108,6286	 	 	 	 	 	 
83,3482	107,1189	 	 	 	 	 	 
83,3071	105,7178	 	 	 	 	 	 
83,2045	104,4348	 	 	 	 	 	 
83,1498	103,2591	 	 	 	 	 	 
83,0403	102,1609	 	 	 	 	 	 
82,965	101,1175	 	 	 	 	 	 
82,8829	100,1436	 	 	 	 	 	 
82,794	99,2291	 	 	 	 	 	 
82,6914	98,3888	 	 	 	 	 	 
82,6093	97,6201	 	 	 	 	 	 
82,4793	96,9274	 	 	 	 	 	 
82,3767	96,2957	 	 	 	 	 	 
82,2672	95,7319	 	 	 	 	 	 
82,1304	95,2134	 	 	 	 	 	 
82,0072	94,7391	 	 	 	 	 	 
81,8704	94,3002	 	 	 	 	 	 
81,7336	93,8887	 	 	 	 	 	 
81,6105	93,5007	 	 	 	 	 	 
81,4463	93,1474	 	 	 	 	 	 
81,2821	92,8201	 	 	 	 	 	 
81,111	92,511	 	 	 	 	 	 
80,9537	92,1998	 	 	 	 	 	 
80,7621	91,8799	 	 	 	 	 	 
80,5706	91,5384	 	 	 	 	 	 
80,3653	91,1834	 	 	 	 	 	 
80,1738	90,8115	 	 	 	 	 	 
79,9548	90,433	 	 	 	 	 	 
79,7154	90,0398	 	 	 	 	 	 
79,5033	89,629	 	 	 	 	 	 
79,2707	89,2029	 	 	 	 	 	 
79,0107	88,7857	 	 	 	 	 	 
78,7508	88,3825	 	 	 	 	 	 
78,4908	87,9914	 	 	 	 	 	 
78,1829	87,6369	 	 	 	 	 	 
77,8682	87,3329	 	 	 	 	 	 
77,6219	87,08	 	 	 	 	 	 
77,2799	86,8941	 	 	 	 	 	 
76,9447	86,7707	 	 	 	 	 	 
76,5889	86,7059	 	 	 	 	 	 
76,2537	86,7084	 	 	 	 	 	 
75,8774	86,7906	 	 	 	 	 	 
75,4806	86,944	 	 	 	 	 	 
75,0564	87,1675	 	 	 	 	 	 
74,6391	87,4716	 	 	 	 	 	 
74,2286	87,8436	 	 	 	 	 	 
73,7703	88,2977	 	 	 	 	 	 
73,2709	88,7895	 	 	 	 	 	 
72,7714	89,3091	 	 	 	 	 	 
72,2789	89,8577	 	 	 	 	 	 
71,7315	90,4325	 	 	 	 	 	 
71,1227	91,0362	 	 	 	 	 	 
70,4659	91,67	 	 	 	 	 	 
69,7407	92,3045	 	 	 	 	 	 
68,824	92,9303	 	 	 	 	 	 
67,4967	93,5661	 	 	 	 	 	 
65,6633	94,222	 	 	 	 	 	 
63,4604	94,8533	 	 	 	 	 	 
61,148	95,4708	 	 	 	 	 	 
58,9861	96,0446	 	 	 	 	 	 
57,1047	96,5952	 	 	 	 	 	 
55,4628	97,1258	 	 	 	 	 	 
53,9782	97,6184	 	 	 	 	 	 
52,6031	98,0606	 	 	 	 	 	 
51,1733	98,457	 	 	 	 	 	 
49,7571	98,8087	 	 	 	 	 	 
48,2999	99,1658	 	 	 	 	 	 
46,8974	99,5318	 	 	 	 	 	 
45,4881	99,8874	 	 	 	 	 	 
44,1951	100,2145	 	 	 	 	 	 
42,8747	100,5627	 	 	 	 	 	 
41,6843	100,9197	 	 	 	 	 	 
40,4666	101,3195	 	 	 	 	 	 
39,3104	101,7643	 	 	 	 	 	 
38,1337	102,2541	 	 	 	 	 	 
36,998	102,8228	 	 	 	 	 	 
35,8624	103,4779	 	 	 	 	 	 
34,8019	104,208	 	 	 	 	 	 
33,7484	105,0266	 	 	 	 	 	 
32,7153	105,869	 	 	 	 	 	 
31,6891	106,748	 	 	 	 	 	 
30,7108	107,682	 	 	 	 	 	 
29,712	108,6791	 	 	 	 	 	 
28,7473	109,6868	 	 	 	 	 	 
27,8101	110,7168	 	 	 	 	 	 
26,9139	111,7387	 	 	 	 	 	 
26,0245	112,7634	 	 	 	 	 	 
25,1625	113,793	 	 	 	 	 	 
24,3005	114,8175	 	 	 	 	 	 
23,4932	115,8409	 	 	 	 	 	 
22,6996	116,8697	 	 	 	 	 	 
21,9334	117,8706	 	 	 	 	 	 
21,1671	118,8602	 	 	 	 	 	 
20,4146	119,808	 	 	 	 	 	 
19,7099	120,7063	 	 	 	 	 	 
19,0053	121,5562	 	 	 	 	 	 
18,2938	122,3783	 	 	 	 	 	 
17,6917	123,161	 	 	 	 	 	 
17,0281	123,9085	 	 	 	 	 	 
16,3987	124,6018	 	 	 	 	 	 
15,7898	125,238	 	 	 	 	 	 
15,2288	125,8239	 	 	 	 	 	 
14,6336	126,363	 	 	 	 	 	 
14,0932	126,8405	 	 	 	 	 	 
13,5527	127,2753	 	 	 	 	 	 
13,0396	127,7086	 	 	 	 	 	 
12,5265	128,1683	 	 	 	 	 	 
12,0613	128,653	 	 	 	 	 	 
11,5756	129,1626	 	 	 	 	 	 
11,1172	129,7098	 	 	 	 	 	 
10,652	130,3037	 	 	 	 	 	 
10,262	130,9501	 	 	 	 	 	 
9,831	131,6498	 	 	 	 	 	 
9,4616	132,4079	 	 	 	 	 	 
9,0648	133,1941	 	 	 	 	 	 
8,7022	133,9879	 	 	 	 	 	 
8,3054	134,8072	 	 	 	 	 	 
7,9839	135,6762	 	 	 	 	 	 
7,6281	136,5501	 	 	 	 	 	 
7,3134	137,3777	 	 	 	 	 	 
6,985	138,1525	 	 	 	 	 	 
6,7114	138,8815	 	 	 	 	 	 
6,4172	139,5496	 	 	 	 	 	 
6,1435	140,161	 	 	 	 	 	 
5,8562	140,7198	 	 	 	 	 	 
5,5689	141,2334	 	 	 	 	 	 
5,3089	141,6874	 	 	 	 	 	 
5,1105	142,1046	 	 	 	 	 	 
4,8505	142,4997	 	 	 	 	 	 
4,6111	142,8677	 	 	 	 	 	 
4,399	143,1656	 	 	 	 	 	 
4,2143	143,4133	 	 	 	 	 	 
3,9953	143,6781	 	 	 	 	 	 
3,8517	143,9747	 	 	 	 	 	 
3,6533	144,288	 	 	 	 	 	 
3,5028	144,6448	 	 	 	 	 	 
3,3249	145,0295	 	 	 	 	 	 
3,2291	145,3851	 	 	 	 	 	 
3,0786	145,7022	 	 	 	 	 	 
2,9349	146,0529	 	 	 	 	 	 
2,8186	146,4311	 	 	 	 	 	 
2,716	146,8444	 	 	 	 	 	 
2,6271	147,2932	 	 	 	 	 	 
2,5792	147,8309	 	 	 	 	 	 
2,4424	148,4482	 	 	 	 	 	 
2,3876	149,127	 	 	 	 	 	 
2,3397	149,8607	 	 	 	 	 	 
2,2919	150,6832	 	 	 	 	 	 
2,2508	151,555	 	 	 	 	 	 
2,2098	152,4957	 	 	 	 	 	 
2,1687	153,6139	 	 	 	 	 	 
2,1413	154,9524	 	 	 	 	 	 
2,1071	156,3883	 	 	 	 	 	 
2,114	157,9393	 	 	 	 	 	 
2,0524	159,5873	 	 	 	 	 	 
2,0661	161,344	 	 	 	 	 	 
2,025	163,1421	 	 	 	 	 	 
1,9977	164,9994	 	 	 	 	 	 
1,9498	166,8953	 	 	 	 	 	 
1,9977	168,8425	 	 	 	 	 	 
1,9635	170,7916	 	 	 	 	 	 
1,9498	172,7752	 	 	 	 	 	 
1,9498	174,7691	 	 	 	 	 	 
1,9429	176,7503	 	 	 	 	 	 
1,9224	178,6608	 	 	 	 	 	 
1,8951	180,5759	 	 	 	 	 	 
1,9293	182,4511	 	 	 	 	 	 
1,8951	184,3115	 	 	 	 	 	 
1,9087	186,1313	 	 	 	 	 	 
1,8745	187,9791	 	 	 	 	 	 
1,8882	189,8292	 	 	 	 	 	 
1,8882	191,6932	 	 	 	 	 	 
1,8951	193,5421	 	 	 	 	 	 
1,8677	195,4536	 	 	 	 	 	 
1,9019	197,4015	 	 	 	 	 	 
1,8677	199,4396	 	 	 	 	 	 
1,9019	201,5043	 	 	 	 	 	 
1,9087	203,5985	 	 	 	 	 	 
1,8951	205,6881	 	 	 	 	 	 
1,8951	207,8216	 	 	 	 	 	 
1,8882	209,9642	 	 	 	 	 	 
1,9019	212,1712	 	 	 	 	 	 
1,9224	214,3716	 	 	 	 	 	 
1,9293	216,622	 	 	 	 	 	 
1,9019	218,9214	 	 	 	 	 	 
1,9019	221,3102	 	 	 	 	 	 
1,9293	223,678	 	 	 	 	 	 
1,9429	226,0596	 	 	 	 	 	 
1,9156	228,3739	 	 	 	 	 	 
1,9429	230,6304	 	 	 	 	 	 
1,9019	232,8668	 	 	 	 	 	 
1,9224	235,127	 	 	 	 	 	 
1,9429	237,3676	 	 	 	 	 	 
1,9361	239,6067	 	 	 	 	 	 
1,9429	241,7604	 	 	 	 	 	 
1,9361	243,8856	 	 	 	 	 	 
1,9498	245,9015	 	 	 	 	 	 
1,9498	247,8506	 	 	 	 	 	 
1,984	249,685	 	 	 	 	 	 
1,9703	251,4627	 	 	 	 	 	 
1,9772	253,1253	 	 	 	 	 	 
1,9703	254,6764	 	 	 	 	 	 
1,984	256,1593	 	 	 	 	 	 
1,984	257,5587	 	 	 	 	 	 
1,9977	258,8425	 	 	 	 	 	 
2,025	260,0696	 	 	 	 	 	 
2,0456	261,2322	 	 	 	 	 	 
2,0456	262,3574	 	 	 	 	 	 
2,0935	263,4101	 	 	 	 	 	 
2,114	264,4374	 	 	 	 	 	 
2,1413	265,3658	 	 	 	 	 	 
2,1755	266,234	 	 	 	 	 	 
2,2234	267,0509	 	 	 	 	 	 
2,2576	267,8789	 	 	 	 	 	 
2,2987	268,7926	 	 	 	 	 	 
2,3534	269,7739	 	 	 	 	 	 
2,4082	270,85	 	 	 	 	 	 
2,4355	272,0406	 	 	 	 	 	 
2,4971	273,2754	 	 	 	 	 	 
2,5313	274,5726	 	 	 	 	 	 
2,6134	275,9616	 	 	 	 	 	 
2,5997	277,4464	 	 	 	 	 	 
2,6818	279,0215	 	 	 	 	 	 
2,7023	280,718	 	 	 	 	 	 
2,7434	282,504	 	 	 	 	 	 
2,7639	284,3567	 	 	 	 	 	 
2,8118	286,1973	 	 	 	 	 	 
2,846	287,9665	 	 	 	 	 	 
2,8665	289,6432	 	 	 	 	 	 
2,9007	291,1609	 	 	 	 	 	 
2,9486	292,5239	 	 	 	 	 	 
2,9555	293,7772	 	 	 	 	 	 
3,017	294,9111	 	 	 	 	 	 
3,0239	295,9109	 	 	 	 	 	 
3,0512	296,8084	 	 	 	 	 	 
3,0649	297,5877	 	 	 	 	 	 
3,0923	298,2103	 	 	 	 	 	 
3,1265	298,6806	 	 	 	 	 	 
3,1402	299,0362	 	 	 	 	 	 
3,1675	299,3756	 	 	 	 	 	 
3,2018	299,7404	 	 	 	 	 	 
3,2291	300,1664	 	 	 	 	 	 
3,236	300,7011	 	 	 	 	 	 
3,2496	301,2829	 	 	 	 	 	 
3,3112	301,8596	 	 	 	 	 	 
3,3044	302,4217	 	 	 	 	 	 
3,3454	303,0445	 	 	 	 	 	 
3,3591	303,7002	 	 	 	 	 	 
3,3933	304,367	 	 	 	 	 	 
3,4138	305,1026	 	 	 	 	 	 
3,4002	305,8713	 	 	 	 	 	 
3,4344	306,6103	 	 	 	 	 	 
3,4686	307,35	 	 	 	 	 	 
3,4686	308,0862	 	 	 	 	 	 
3,4822	308,7714	 	 	 	 	 	 
3,5233	309,3873	 	 	 	 	 	 
3,5643	309,9846	 	 	 	 	 	 
3,5643	310,6256	 	 	 	 	 	 
3,6122	311,2979	 	 	 	 	 	 
3,6122	311,8451	 	 	 	 	 	 
3,6533	312,2508	 	 	 	 	 	 
3,6601	312,5733	 	 	 	 	 	 
3,6601	312,8322	 	 	 	 	 	 
3,6806	313,1328	 	 	 	 	 	 
3,7217	313,4983	 	 	 	 	 	 
3,7354	313,7643	 	 	 	 	 	 
3,7833	313,869	 	 	 	 	 	 
3,7764	313,8682	 	 	 	 	 	 
3,8312	313,7783	 	 	 	 	 	 
3,8722	313,5891	 	 	 	 	 	 
3,8927	313,2789	 	 	 	 	 	 
3,9201	312,896	 	 	 	 	 	 
3,9475	312,5323	 	 	 	 	 	 
3,9748	312,2122	 	 	 	 	 	 
4,0706	311,9471	 	 	 	 	 	 
4,1185	311,6692	 	 	 	 	 	 
4,1937	311,3549	 	 	 	 	 	 
4,3648	311,0454	 	 	 	 	 	 
4,5221	310,9347	 	 	 	 	 	 
4,7411	311,1085	 	 	 	 	 	 
5,001	311,4762	 	 	 	 	 	 
5,302	312,0221	 	 	 	 	 	 
5,7536	312,7785	 	 	 	 	 	 
6,2872	313,7446	 	 	 	 	 	 
6,8961	314,8192	 	 	 	 	 	 
7,5871	315,9819	 	 	 	 	 	 
8,3328	317,1303	 	 	 	 	 	 
9,2016	318,1862	 	 	 	 	 	 
10,1252	319,1718	 	 	 	 	 	 
11,1172	320,013	 	 	 	 	 	 
12,1434	320,6168	 	 	 	 	 	 
13,4843	320,77	 	 	 	 	 	 
15,4888	320,4507	 	 	 	 	 	 
18,0201	319,7946	 	 	 	 	 	 
20,784	318,7807	 	 	 	 	 	 
23,8216	317,3516	 	 	 	 	 	 
26,8797	315,4199	 	 	 	 	 	 
30,0814	313,1294	 	 	 	 	 	 
33,4337	310,4657	 	 	 	 	 	 
36,8954	307,6268	 	 	 	 	 	 
40,5487	304,6571	 	 	 	 	 	 
44,3798	301,5669	 	 	 	 	 	 
48,3615	298,3646	 	 	 	 	 	 
52,4663	295,1798	 	 	 	 	 	 
56,5438	292,0666	 	 	 	 	 	 
60,4228	288,9797	 	 	 	 	 	 
63,693	285,8183	 	 	 	 	 	 
66,0943	282,643	 	 	 	 	 	 
67,6746	279,4144	 	 	 	 	 	 
68,6324	276,3038	 	 	 	 	 	 
68,9676	273,1998	 	 	 	 	 	 
68,9676	270,1541	 	 	 	 	 	 
68,6666	267,0463	 	 	 	 	 	 
68,2151	263,8791	 	 	 	 	 	 
67,6815	260,6086	 	 	 	 	 	 
67,2436	257,2899	 	 	 	 	 	 
66,9905	253,8051	 	 	 	 	 	 
66,9358	250,2575	 	 	 	 	 	 
67,1205	246,6608	 	 	 	 	 	 
67,4831	243,067	 	 	 	 	 	 
68,0783	239,4136	 	 	 	 	 	 
68,7624	235,8281	 	 	 	 	 	 
69,4944	232,1859	 	 	 	 	 	 
70,2128	228,5687	 	 	 	 	 	 
70,9037	224,9366	 	 	 	 	 	 
71,5468	221,3334	 	 	 	 	 	 
72,012	217,7548	 	 	 	 	 	 
72,4704	214,2582	 	 	 	 	 	 
72,833	210,7844	 	 	 	 	 	 
73,2024	207,435	 	 	 	 	 	 
73,4829	204,1544	 	 	 	 	 	 
73,825	200,9533	 	 	 	 	 	 
74,1329	197,7917	 	 	 	 	 	 
74,516	194,7182	 	 	 	 	 	 
74,8991	191,6702	 	 	 	 	 	 
75,2822	188,7121	 	 	 	 	 	 
75,679	185,7874	 	 	 	 	 	 
76,0758	182,9096	 	 	 	 	 	 
76,4384	180,0447	 	 	 	 	 	 
76,801	177,1941	 	 	 	 	 	 
77,0815	174,3626	 	 	 	 	 	 
77,3893	171,6124	 	 	 	 	 	 
77,6151	168,8939	 	 	 	 	 	 
77,8888	166,2085	 	 	 	 	 	 
78,1145	163,5695	 	 	 	 	 	 
78,3266	161,0279	 	 	 	 	 	 
78,525	158,5832	 	 	 	 	 	 
78,7371	156,2647	 	 	 	 	 	 
78,9081	154,0721	 	 	 	 	 	 
79,1681	152,0206	 	 	 	 	 	 
79,3254	150,112	 	 	 	 	 	 
79,5512	148,3609	 	 	 	 	 	 
79,7291	146,7631	 	 	 	 	 	 
79,8796	145,2585	 	 	 	 	 	 
80,0233	143,8181	 	 	 	 	 	 
80,208	142,4402	 	 	 	 	 	 
80,2969	141,1372	 	 	 	 	 	 
80,4201	139,902	 	 	 	 	 	 
80,5295	138,6914	 	 	 	 	 	 
80,68	137,4683	 	 	 	 	 	 
80,7827	136,1943	 	 	 	 	 	 
80,899	134,8197	 	 	 	 	 	 
80,94	133,3619	 	 	 	 	 	 
81,0631	131,8153	 	 	 	 	 	 
81,1795	130,1825	 	 	 	 	 	 
81,2273	128,4559	 	 	 	 	 	 
81,3094	126,709	 	 	 	 	 	 
81,3642	124,9455	 	 	 	 	 	 
81,4326	123,1802	 	 	 	 	 	 
81,4668	121,3822	 	 	 	 	 	 
81,5284	119,5483	 	 	 	 	 	 
81,5626	117,6936	 	 	 	 	 	 
81,5694	115,8533	 	 	 	 	 	 
81,6036	114,0401	 	 	 	 	 	 
81,6173	112,3006	 	 	 	 	 	 
81,631	110,6045	 	 	 	 	 	 
81,6173	108,9671	 	 	 	 	 	 
81,6105	107,3868	 	 	 	 	 	 
81,631	105,8884	 	 	 	 	 	 
81,6105	104,4344	 	 	 	 	 	 
81,5762	103,0358	 	 	 	 	 	 
81,5626	101,6728	 	 	 	 	 	 
81,542	100,3949	 	 	 	 	 	 
81,5147	99,2094	 	 	 	 	 	 
81,4805	98,1101	 	 	 	 	 	 
81,4599	97,0812	 	 	 	 	 	 
81,3847	96,1293	 	 	 	 	 	 
81,3436	95,2437	 	 	 	 	 	 
81,3026	94,4584	 	 	 	 	 	 
81,2479	93,7536	 	 	 	 	 	 
81,2	93,1221	 	 	 	 	 	 
81,111	92,552	 	 	 	 	 	 
81,07	92,0497	 	 	 	 	 	 
80,9674	91,6093	 	 	 	 	 	 
80,8579	91,2529	 	 	 	 	 	 
80,7895	90,9447	 	 	 	 	 	 
80,7006	90,6751	 	 	 	 	 	 
80,6253	90,4465	 	 	 	 	 	 
80,5295	90,2575	 	 	 	 	 	 
80,4337	90,0824	 	 	 	 	 	 
80,2969	89,9028	 	 	 	 	 	 
80,1875	89,691	 	 	 	 	 	 
80,0575	89,4654	 	 	 	 	 	 
79,9343	89,2247	 	 	 	 	 	 
79,8043	88,9654	 	 	 	 	 	 
79,6401	88,6824	 	 	 	 	 	 
79,4828	88,363	 	 	 	 	 	 
79,2981	87,9948	 	 	 	 	 	 
79,127	87,5978	 	 	 	 	 	 
78,9629	87,1749	 	 	 	 	 	 
78,7371	86,7254	 	 	 	 	 	 
78,5387	86,2447	 	 	 	 	 	 
78,3061	85,7723	 	 	 	 	 	 
78,1077	85,3116	 	 	 	 	 	 
77,8546	84,8765	 	 	 	 	 	 
77,5877	84,4643	 	 	 	 	 	 
77,3551	84,0847	 	 	 	 	 	 
77,0678	83,7459	 	 	 	 	 	 
76,8078	83,4491	 	 	 	 	 	 
76,5205	83,2055	 	 	 	 	 	 
76,2263	83,0139	 	 	 	 	 	 
75,9184	82,8713	 	 	 	 	 	 
75,6038	82,7775	 	 	 	 	 	 
75,2822	82,7373	 	 	 	 	 	 
74,9538	82,7622	 	 	 	 	 	 
74,5912	82,8252	 	 	 	 	 	 
74,2697	82,9374	 	 	 	 	 	 
73,9139	83,1005	 	 	 	 	 	 
73,5582	83,2991	 	 	 	 	 	 
73,1888	83,55	 	 	 	 	 	 
72,8056	83,8397	 	 	 	 	 	 
72,4157	84,1514	 	 	 	 	 	 
72,012	84,474	 	 	 	 	 	 
71,5605	84,8347	 	 	 	 	 	 
71,1637	85,219	 	 	 	 	 	 
70,7122	85,6098	 	 	 	 	 	 
70,2333	85,9983	 	 	 	 	 	 
69,7749	86,3822	 	 	 	 	 	 
69,2892	86,7802	 	 	 	 	 	 
68,7282	87,2004	 	 	 	 	 	 
68,1262	87,6273	 	 	 	 	 	 
67,4352	88,069	 	 	 	 	 	 
66,6211	88,4806	 	 	 	 	 	 
65,4649	88,8625	 	 	 	 	 	 
63,9803	89,244	 	 	 	 	 	 
62,0442	89,6243	 	 	 	 	 	 
59,9781	89,9491	 	 	 	 	 	 
57,9257	90,2243	 	 	 	 	 	 
56,1401	90,4818	 	 	 	 	 	 
54,5598	90,7261	 	 	 	 	 	 
53,2257	90,9519	 	 	 	 	 	 
51,8779	91,1509	 	 	 	 	 	 
50,6123	91,3011	 	 	 	 	 	 
49,3261	91,42	 	 	 	 	 	 
48,0057	91,5129	 	 	 	 	 	 
46,7127	91,6138	 	 	 	 	 	 
45,4402	91,7365	 	 	 	 	 	 
44,1678	91,8691	 	 	 	 	 	 
42,9842	92,0256	 	 	 	 	 	 
41,7733	92,2336	 	 	 	 	 	 
40,6102	92,4987	 	 	 	 	 	 
39,413	92,809	 	 	 	 	 	 
38,3252	93,1788	 	 	 	 	 	 
37,1964	93,6156	 	 	 	 	 	 
36,136	94,1088	 	 	 	 	 	 
35,0277	94,6568	 	 	 	 	 	 
34,0494	95,241	 	 	 	 	 	 
33,0163	95,8483	 	 	 	 	 	 
32,038	96,4643	 	 	 	 	 	 
31,0529	97,0829	 	 	 	 	 	 
30,1225	97,7205	 	 	 	 	 	 
29,192	98,3778	 	 	 	 	 	 
28,2821	99,043	 	 	 	 	 	 
27,3654	99,7011	 	 	 	 	 	 
26,5034	100,3382	 	 	 	 	 	 
25,6277	100,9221	 	 	 	 	 	 
24,7862	101,4427	 	 	 	 	 	 
23,9516	101,9158	 	 	 	 	 	 
23,1648	102,3722	 	 	 	 	 	 
22,3781	102,8283	 	 	 	 	 	 
21,605	103,2835	 	 	 	 	 	 
20,8456	103,7341	 	 	 	 	 	 
20,1272	104,1814	 	 	 	 	 	 
19,3815	104,5924	 	 	 	 	 	 
18,7179	104,9574	 	 	 	 	 	 
18,0406	105,3023	 	 	 	 	 	 
17,4112	105,6481	 	 	 	 	 	 
16,7271	106,0126	 	 	 	 	 	 
16,1593	106,4169	 	 	 	 	 	 
15,5504	106,8591	 	 	 	 	 	 
14,9757	107,3215	 	 	 	 	 	 
14,3874	107,7617	 	 	 	 	 	 
13,8606	108,1725	 	 	 	 	 	 
13,3133	108,5693	 	 	 	 	 	 
12,8002	108,9695	 	 	 	 	 	 
12,2939	109,3665	 	 	 	 	 	 
11,8492	109,7811	 	 	 	 	 	 
11,3361	110,2076	 	 	 	 	 	 
10,9051	110,638	 	 	 	 	 	 
10,4673	111,0567	 	 	 	 	 	 
10,0363	111,4622	 	 	 	 	 	 
9,6326	111,8528	 	 	 	 	 	 
9,2632	112,2267	 	 	 	 	 	 
8,8527	112,5997	 	 	 	 	 	 
8,4833	113,0024	 	 	 	 	 	 
8,1412	113,4283	 	 	 	 	 	 
7,7991	113,86	 	 	 	 	 	 
7,4434	114,279	 	 	 	 	 	 
7,1355	114,6947	 	 	 	 	 	 
6,8277	115,0954	 	 	 	 	 	 
6,554	115,4792	 	 	 	 	 	 
6,2188	115,831	 	 	 	 	 	 
5,9725	116,1702	 	 	 	 	 	 
5,6783	116,4844	 	 	 	 	 	 
5,4252	116,7705	 	 	 	 	 	 
5,1447	117,0441	 	 	 	 	 	 
4,9189	117,3013	 	 	 	 	 	 
4,7137	117,5246	 	 	 	 	 	 
4,4879	117,7108	 	 	 	 	 	 
4,2622	117,8769	 	 	 	 	 	 
4,0296	118,049	 	 	 	 	 	 
3,8585	118,2153	 	 	 	 	 	 
3,6806	118,3889	 	 	 	 	 	 
3,4822	118,5871	 	 	 	 	 	 
3,3454	118,8288	 	 	 	 	 	 
3,1539	119,0841	 	 	 	 	 	 
2,9965	119,3583	 	 	 	 	 	 
2,846	119,6532	 	 	 	 	 	 
2,7023	119,9877	 	 	 	 	 	 
2,6066	120,361	 	 	 	 	 	 
2,4834	120,7907	 	 	 	 	 	 
2,3808	121,2952	 	 	 	 	 	 
2,2713	121,885	 	 	 	 	 	 
2,1824	122,5261	 	 	 	 	 	 
2,1277	123,2231	 	 	 	 	 	 
2,0319	123,961	 	 	 	 	 	 
1,9772	124,731	 	 	 	 	 	 
1,9429	125,515	 	 	 	 	 	 
1,8608	126,3366	 	 	 	 	 	 
1,8266	127,1967	 	 	 	 	 	 
1,7651	128,1165	 	 	 	 	 	 
1,724	129,042	 	 	 	 	 	 
1,6898	129,9809	 	 	 	 	 	 
1,6693	130,9142	 	 	 	 	 	 
1,6214	131,8421	 	 	 	 	 	 
1,6146	132,7296	 	 	 	 	 	 
1,5735	133,6026	 	 	 	 	 	 
1,5804	134,4639	 	 	 	 	 	 
1,5393	135,3431	 	 	 	 	 	 
1,5735	136,2423	 	 	 	 	 	 
1,5325	137,1918	 	 	 	 	 	 
1,5188	138,1738	 	 	 	 	 	 
1,5188	139,1993	 	 	 	 	 	 
1,5188	140,2257	 	 	 	 	 	 
1,4914	141,2453	 	 	 	 	 	 
1,4846	142,239	 	 	 	 	 	 
1,4846	143,2749	 	 	 	 	 	 
1,4846	144,3383	 	 	 	 	 	 
1,4914	145,4803	 	 	 	 	 	 
1,4983	146,6827	 	 	 	 	 	 
1,4572	147,9566	 	 	 	 	 	 
1,4504	149,2609	 	 	 	 	 	 
1,4572	150,6052	 	 	 	 	 	 
1,4572	151,9547	 	 	 	 	 	 
1,4298	153,3522	 	 	 	 	 	 
1,464	154,7833	 	 	 	 	 	 
1,423	156,2901	 	 	 	 	 	 
1,4572	157,9472	 	 	 	 	 	 
1,4298	159,7772	 	 	 	 	 	 
1,464	161,6615	 	 	 	 	 	 
1,4504	163,6026	 	 	 	 	 	 
1,4572	165,5322	 	 	 	 	 	 
1,4572	167,4564	 	 	 	 	 	 
1,4504	169,3625	 	 	 	 	 	 
1,4093	171,2863	 	 	 	 	 	 
1,4504	173,2047	 	 	 	 	 	 
1,4435	175,1204	 	 	 	 	 	 
1,4504	176,9744	 	 	 	 	 	 
1,4367	178,7712	 	 	 	 	 	 
1,4572	180,4687	 	 	 	 	 	 
1,423	182,0216	 	 	 	 	 	 
1,4504	183,4168	 	 	 	 	 	 
1,4298	184,7217	 	 	 	 	 	 
1,4504	185,9388	 	 	 	 	 	 
1,4435	187,1025	 	 	 	 	 	 
1,4435	188,2268	 	 	 	 	 	 
1,464	189,3054	 	 	 	 	 	 
1,4572	190,3256	 	 	 	 	 	 
1,4504	191,313	 	 	 	 	 	 
1,464	192,2899	 	 	 	 	 	 
1,4709	193,2791	 	 	 	 	 	 
1,4777	194,284	 	 	 	 	 	 
1,4777	195,3329	 	 	 	 	 	 
1,4846	196,4314	 	 	 	 	 	 
1,4572	197,5703	 	 	 	 	 	 
1,4709	198,7486	 	 	 	 	 	 
1,4504	199,9713	 	 	 	 	 	 
1,4709	201,2657	 	 	 	 	 	 
1,4709	202,621	 	 	 	 	 	 
1,4709	204,0535	 	 	 	 	 	 
1,4777	205,5438	 	 	 	 	 	 
1,4914	207,0934	 	 	 	 	 	 
1,464	208,6889	 	 	 	 	 	 
1,5051	210,3463	 	 	 	 	 	 
1,5325	212,0533	 	 	 	 	 	 
1,5461	213,7658	 	 	 	 	 	 
1,553	215,476	 	 	 	 	 	 
1,6146	217,2121	 	 	 	 	 	 
1,6282	218,9592	 	 	 	 	 	 
1,6488	220,7089	 	 	 	 	 	 
1,6761	222,4067	 	 	 	 	 	 
1,7309	224,0782	 	 	 	 	 	 
1,7719	225,7058	 	 	 	 	 	 
1,813	227,2844	 	 	 	 	 	 
1,8472	228,7654	 	 	 	 	 	 
1,9019	230,1981	 	 	 	 	 	 
1,9703	231,5614	 	 	 	 	 	 
1,9977	232,8421	 	 	 	 	 	 
2,0456	234,1043	 	 	 	 	 	 
2,0592	235,4051	 	 	 	 	 	 
2,0798	236,7155	 	 	 	 	 	 
2,155	238,0614	 	 	 	 	 	 
2,1755	239,4474	 	 	 	 	 	 
2,1961	240,922	 	 	 	 	 	 
2,2371	242,4248	 	 	 	 	 	 
2,285	243,9821	 	 	 	 	 	 
2,2645	245,6342	 	 	 	 	 	 
2,3329	247,4428	 	 	 	 	 	 
2,3397	249,3067	 	 	 	 	 	 
2,3671	251,2236	 	 	 	 	 	 
2,3945	253,2309	 	 	 	 	 	 
2,4082	255,3309	 	 	 	 	 	 
2,4082	257,4369	 	 	 	 	 	 
2,4287	259,5794	 	 	 	 	 	 
2,4697	261,7216	 	 	 	 	 	 
2,4492	263,9373	 	 	 	 	 	 
2,4903	266,1919	 	 	 	 	 	 
2,5176	268,5179	 	 	 	 	 	 
2,4971	270,8696	 	 	 	 	 	 
2,5518	273,2526	 	 	 	 	 	 
2,5381	275,6149	 	 	 	 	 	 
2,5929	277,981	 	 	 	 	 	 
2,5792	280,3567	 	 	 	 	 	 
2,6202	282,7275	 	 	 	 	 	 
2,6134	285,0379	 	 	 	 	 	 
2,6544	287,2946	 	 	 	 	 	 
2,6681	289,4492	 	 	 	 	 	 
2,6887	291,4892	 	 	 	 	 	 
2,6887	293,2595	 	 	 	 	 	 
2,7365	294,7643	 	 	 	 	 	 
2,7434	296,0035	 	 	 	 	 	 
2,7639	297,0323	 	 	 	 	 	 
2,7502	297,7993	 	 	 	 	 	 
2,7707	298,3562	 	 	 	 	 	 
2,8323	298,7598	 	 	 	 	 	 
2,846	299,0723	 	 	 	 	 	 
2,8323	299,2928	 	 	 	 	 	 
2,8597	299,3912	 	 	 	 	 	 
2,8665	299,4226	 	 	 	 	 	 
2,8939	299,3877	 	 	 	 	 	 
2,9281	299,3459	 	 	 	 	 	 
2,9349	299,4113	 	 	 	 	 	 
2,9555	299,5944	 	 	 	 	 	 
2,9828	299,925	 	 	 	 	 	 
2,9965	300,3474	 	 	 	 	 	 
3,017	300,8566	 	 	 	 	 	 
3,0581	301,3917	 	 	 	 	 	 
3,0854	302,0145	 	 	 	 	 	 
3,106	302,6135	 	 	 	 	 	 
3,1402	303,1587	 	 	 	 	 	 
3,1402	303,7614	 	 	 	 	 	 
3,2018	304,4055	 	 	 	 	 	 
3,2907	305,1489	 	 	 	 	 	 
3,3454	305,9714	 	 	 	 	 	 
3,4686	306,8075	 	 	 	 	 	 
3,6122	307,6263	 	 	 	 	 	 
3,7901	308,3711	 	 	 	 	 	 
4,0296	309,0384	 	 	 	 	 	 
4,3306	309,6834	 	 	 	 	 	 
4,6932	310,2503	 	 	 	 	 	 
5,1584	310,5432	 	 	 	 	 	 
5,6578	310,5052	 	 	 	 	 	 
6,3009	310,1734	 	 	 	 	 	 
6,985	309,4047	 	 	 	 	 	 
7,7923	308,1608	 	 	 	 	 	 
8,6406	306,3187	 	 	 	 	 	 
9,5779	303,8359	 	 	 	 	 	 
10,5288	300,6684	 	 	 	 	 	 
11,6235	296,8674	 	 	 	 	 	 
12,8275	292,4489	 	 	 	 	 	 
14,6815	287,461	 	 	 	 	 	 
17,0418	281,8632	 	 	 	 	 	 
19,7099	275,8244	 	 	 	 	 	 
22,5354	269,4529	 	 	 	 	 	 
25,5046	262,973	 	 	 	 	 	 
28,4669	256,408	 	 	 	 	 	 
31,5386	249,9325	 	 	 	 	 	 
34,7335	243,6023	 	 	 	 	 	 
38,12	237,5756	 	 	 	 	 	 
41,6501	231,8877	 	 	 	 	 	 
45,3718	226,6695	 	 	 	 	 	 
49,1825	221,8901	 	 	 	 	 	 
53,0341	217,573	 	 	 	 	 	 
56,7627	213,7146	 	 	 	 	 	 
60,1423	210,3366	 	 	 	 	 	 
62,7967	207,3525	 	 	 	 	 	 
64,6781	204,7373	 	 	 	 	 	 
65,8001	202,3429	 	 	 	 	 	 
66,3953	200,0976	 	 	 	 	 	 
66,4979	197,8981	 	 	 	 	 	 
66,3748	195,71	 	 	 	 	 	 
65,978	193,4902	 	 	 	 	 	 
65,547	191,2157	 	 	 	 	 	 
65,0886	188,8236	 	 	 	 	 	 
64,726	186,331	 	 	 	 	 	 
64,5208	183,7256	 	 	 	 	 	 
64,5344	180,977	 	 	 	 	 	 
64,7465	178,0926	 	 	 	 	 	 
65,1707	175,0612	 	 	 	 	 	 
65,7727	171,9302	 	 	 	 	 	 
66,4432	168,735	 	 	 	 	 	 
67,1205	165,5352	 	 	 	 	 	 
67,8457	162,3563	 	 	 	 	 	 
68,4751	159,2145	 	 	 	 	 	 
69,0018	156,0782	 	 	 	 	 	 
69,4329	153,0179	 	 	 	 	 	 
69,8775	150,061	 	 	 	 	 	 
70,1649	147,207	 	 	 	 	 	 
70,5001	144,4535	 	 	 	 	 	 
70,7806	141,8329	 	 	 	 	 	 
71,0748	139,3166	 	 	 	 	 	 
71,3826	136,9479	 	 	 	 	 	 
71,711	134,7084	 	 	 	 	 	 
72,0326	132,6186	 	 	 	 	 	 
72,3746	130,6704	 	 	 	 	 	 
72,7235	128,8635	 	 	 	 	 	 
73,1067	127,1861	 	 	 	 	 	 
73,4145	125,6618	 	 	 	 	 	 
73,7087	124,224	 	 	 	 	 	 
73,9755	122,8568	 	 	 	 	 	 
74,256	121,5475	 	 	 	 	 	 
74,4476	120,3066	 	 	 	 	 	 
74,6323	119,0916	 	 	 	 	 	 
74,7965	117,9375	 	 	 	 	 	 
74,9949	116,8251	 	 	 	 	 	 
75,1454	115,7553	 	 	 	 	 	 
75,289	114,6933	 	 	 	 	 	 
75,4327	113,6254	 	 	 	 	 	 
75,6174	112,5274	 	 	 	 	 	 
75,7269	111,4089	 	 	 	 	 	 
75,8842	110,2512	 	 	 	 	 	 
76,0416	109,0942	 	 	 	 	 	 
76,1716	107,9325	 	 	 	 	 	 
76,2947	106,7754	 	 	 	 	 	 
76,3905	105,605	 	 	 	 	 	 
76,4863	104,4758	 	 	 	 	 	 
76,6094	103,3761	 	 	 	 	 	 
76,712	102,2979	 	 	 	 	 	 
76,801	101,2279	 	 	 	 	 	 
76,8694	100,1922	 	 	 	 	 	 
76,9652	99,1843	 	 	 	 	 	 
77,061	98,2325	 	 	 	 	 	 
77,1294	97,3348	 	 	 	 	 	 
77,1704	96,5019	 	 	 	 	 	 
77,3072	95,7138	 	 	 	 	 	 
77,3483	94,9791	 	 	 	 	 	 
77,3757	94,2898	 	 	 	 	 	 
77,4851	93,6689	 	 	 	 	 	 
77,5056	93,0858	 	 	 	 	 	 
77,5125	92,5325	 	 	 	 	 	 
77,5604	92,0091	 	 	 	 	 	 
77,6288	91,529	 	 	 	 	 	 
77,663	91,0736	 	 	 	 	 	 
77,6904	90,6636	 	 	 	 	 	 
77,7177	90,2868	 	 	 	 	 	 
77,7314	89,9389	 	 	 	 	 	 
77,7656	89,6156	 	 	 	 	 	 
77,7519	89,3158	 	 	 	 	 	 
77,7793	89,0242	 	 	 	 	 	 
77,7793	88,7498	 	 	 	 	 	 
77,7451	88,4624	 	 	 	 	 	 
77,7519	88,1699	 	 	 	 	 	 
77,7109	87,8676	 	 	 	 	 	 
77,663	87,5564	 	 	 	 	 	 
77,6219	87,2367	 	 	 	 	 	 
77,5672	86,9206	 	 	 	 	 	 
77,533	86,5859	 	 	 	 	 	 
77,4304	86,2311	 	 	 	 	 	 
77,3483	85,8577	 	 	 	 	 	 
77,3072	85,4633	 	 	 	 	 	 
77,2252	85,0348	 	 	 	 	 	 
77,1362	84,5875	 	 	 	 	 	 
77,0267	84,1112	 	 	 	 	 	 
76,8831	83,6435	 	 	 	 	 	 
76,7736	83,1817	 	 	 	 	 	 
76,6573	82,7373	 	 	 	 	 	 
76,5	82,3178	 	 	 	 	 	 
76,37	81,9085	 	 	 	 	 	 
76,1853	81,4959	 	 	 	 	 	 
76,0074	81,1015	 	 	 	 	 	 
75,8227	80,7225	 	 	 	 	 	 
75,638	80,3576	 	 	 	 	 	 
75,4327	80,0124	 	 	 	 	 	 
75,2275	79,7148	 	 	 	 	 	 
74,9538	79,4699	 	 	 	 	 	 
74,7486	79,2909	 	 	 	 	 	 
74,4818	79,1634	 	 	 	 	 	 
74,2286	79,0822	 	 	 	 	 	 
73,9618	79,0315	 	 	 	 	 	 
73,6813	78,9988	 	 	 	 	 	 
73,3393	78,9966	 	 	 	 	 	 
73,0656	79,0372	 	 	 	 	 	 
72,7372	79,1109	 	 	 	 	 	 
72,4157	79,2127	 	 	 	 	 	 
72,0668	79,3202	 	 	 	 	 	 
71,7521	79,4364	 	 	 	 	 	 
71,3895	79,5617	 	 	 	 	 	 
71,0679	79,6745	 	 	 	 	 	 
70,6711	79,7684	 	 	 	 	 	 
70,3428	79,8368	 	 	 	 	 	 
69,9528	79,888	 	 	 	 	 	 
69,5697	79,941	 	 	 	 	 	 
69,1524	79,9984	 	 	 	 	 	 
68,8103	80,0534	 	 	 	 	 	 
68,4272	80,1012	 	 	 	 	 	 
68,0098	80,145	 	 	 	 	 	 
67,6131	80,2102	 	 	 	 	 	 
67,2163	80,3523	 	 	 	 	 	 
66,7716	80,5596	 	 	 	 	 	 
66,3748	80,8118	 	 	 	 	 	 
65,9301	81,1227	 	 	 	 	 	 
65,5196	81,4821	 	 	 	 	 	 
65,0475	81,8864	 	 	 	 	 	 
64,5892	82,3325	 	 	 	 	 	 
64,0624	82,8148	 	 	 	 	 	 
63,5561	83,3355	 	 	 	 	 	 
62,9404	83,8941	 	 	 	 	 	 
62,2836	84,487	 	 	 	 	 	 
61,4285	85,1074	 	 	 	 	 	 
60,3954	85,7309	 	 	 	 	 	 
58,8835	86,314	 	 	 	 	 	 
57,18	86,8694	 	 	 	 	 	 
55,2781	87,3947	 	 	 	 	 	 
53,4378	87,8731	 	 	 	 	 	 
51,7685	88,3164	 	 	 	 	 	 
50,3523	88,7321	 	 	 	 	 	 
49,0319	89,1145	 	 	 	 	 	 
47,7937	89,4529	 	 	 	 	 	 
46,5896	89,7462	 	 	 	 	 	 
45,4334	89,9918	 	 	 	 	 	 
44,2293	90,191	 	 	 	 	 	 
43,0321	90,3459	 	 	 	 	 	 
41,828	90,4682	 	 	 	 	 	 
40,665	90,5753	 	 	 	 	 	 
39,5156	90,6445	 	 	 	 	 	 
38,421	90,6721	 	 	 	 	 	 
37,2717	90,6751	 	 	 	 	 	 
36,2181	90,6452	 	 	 	 	 	 
35,1851	90,5793	 	 	 	 	 	 
34,1246	90,4812	 	 	 	 	 	 
33,1053	90,3645	 	 	 	 	 	 
32,1065	90,2363	 	 	 	 	 	 
31,1281	90,1094	 	 	 	 	 	 
30,1703	89,9796	 	 	 	 	 	 
29,2194	89,8463	 	 	 	 	 	 
28,289	89,718	 	 	 	 	 	 
27,3791	89,585	 	 	 	 	 	 
26,4965	89,4605	 	 	 	 	 	 
25,6003	89,3604	 	 	 	 	 	 
24,7588	89,2861	 	 	 	 	 	 
23,8763	89,2506	 	 	 	 	 	 
23,0896	89,25	 	 	 	 	 	 
22,296	89,2836	 	 	 	 	 	 
21,516	89,3575	 	 	 	 	 	 
20,7224	89,4607	 	 	 	 	 	 
20,0041	89,5778	 	 	 	 	 	 
19,2994	89,7201	 	 	 	 	 	 
18,6085	89,9028	 	 	 	 	 	 
17,9038	90,1029	 	 	 	 	 	 
17,2197	90,3214	 	 	 	 	 	 
16,6108	90,5598	 	 	 	 	 	 
16,0088	90,8195	 	 	 	 	 	 
15,3657	91,0899	 	 	 	 	 	 
14,8115	91,3623	 	 	 	 	 	 
14,1958	91,6486	 	 	 	 	 	 
13,6895	91,9496	 	 	 	 	 	 
13,1354	92,241	 	 	 	 	 	 
12,6086	92,5327	 	 	 	 	 	 
12,1229	92,84	 	 	 	 	 	 
11,6303	93,1423	 	 	 	 	 	 
11,1582	93,4123	 	 	 	 	 	 
10,6793	93,653	 	 	 	 	 	 
10,2415	93,8658	 	 	 	 	 	 
9,8173	94,0493	 	 	 	 	 	 
9,4	94,1912	 	 	 	 	 	 
9,0374	94,303	 	 	 	 	 	 
8,6201	94,3862	 	 	 	 	 	 
8,237	94,4402	 	 	 	 	 	 
7,8881	94,4663	 	 	 	 	 	 
7,546	94,4759	 	 	 	 	 	 
7,2245	94,4578	 	 	 	 	 	 
6,8687	94,4043	 	 	 	 	 	 
6,6019	94,3435	 	 	 	 	 	 
6,2667	94,303	 	 	 	 	 	 
5,9383	94,2989	 	 	 	 	 	 
5,6988	94,3393	 	 	 	 	 	 
5,4457	94,4268	 	 	 	 	 	 
5,1857	94,5602	 	 	 	 	 	 
4,8984	94,7236	 	 	 	 	 	 
4,6795	94,9088	 	 	 	 	 	 
4,4332	95,1029	 	 	 	 	 	 
4,2074	95,3179	 	 	 	 	 	 
4,0022	95,5552	 	 	 	 	 	 
3,7696	95,8205	 	 	 	 	 	 
3,6122	96,1144	 	 	 	 	 	 
3,3933	96,4318	 	 	 	 	 	 
3,2154	96,7457	 	 	 	 	 	 
3,0581	97,0453	 	 	 	 	 	 
2,8939	97,3176	 	 	 	 	 	 
2,7229	97,56	 	 	 	 	 	 
2,5723	97,787	 	 	 	 	 	 
2,4218	98,0064	 	 	 	 	 	 
2,3397	98,2327	 	 	 	 	 	 
2,1687	98,4663	 	 	 	 	 	 
2,0661	98,6815	 	 	 	 	 	 
1,9361	98,8901	 	 	 	 	 	 
1,8472	99,0934	 	 	 	 	 	 
1,724	99,2975	 	 	 	 	 	 
1,6624	99,4847	 	 	 	 	 	 
1,5667	99,6671	 	 	 	 	 	 
1,5256	99,8508	 	 	 	 	 	 
1,4572	100,0457	 	 	 	 	 	 
1,3614	100,2561	 	 	 	 	 	 
1,3204	100,4798	 	 	 	 	 	 
1,293	100,7196	 	 	 	 	 	 
1,2041	100,9694	 	 	 	 	 	 
1,1699	101,2511	 	 	 	 	 	 
1,1083	101,5888	 	 	 	 	 	 
1,1493	101,9663	 	 	 	 	 	 
1,0878	102,3903	 	 	 	 	 	 
1,0741	102,8438	 	 	 	 	 	 
1,0467	103,3302	 	 	 	 	 	 
1,0262	103,8547	 	 	 	 	 	 
0,9988	104,415	 	 	 	 	 	 
0,9715	105,0115	 	 	 	 	 	 
0,9509	105,6464	 	 	 	 	 	 
0,9509	106,3037	 	 	 	 	 	 
0,9167	106,9772	 	 	 	 	 	 
0,9373	107,6814	 	 	 	 	 	 
0,8962	108,4021	 	 	 	 	 	 
0,8894	109,1186	 	 	 	 	 	 
0,9031	109,8296	 	 	 	 	 	 
0,8962	110,4897	 	 	 	 	 	 
0,9031	111,0973	 	 	 	 	 	 
0,8689	111,6916	 	 	 	 	 	 
0,862	112,2785	 	 	 	 	 	 
0,8689	112,8535	 	 	 	 	 	 
0,8483	113,4018	 	 	 	 	 	 
0,8757	113,93	 	 	 	 	 	 
0,8552	114,4613	 	 	 	 	 	 
0,8415	114,9981	 	 	 	 	 	 
0,8346	115,5066	 	 	 	 	 	 
0,8346	115,9881	 	 	 	 	 	 
0,8483	116,451	 	 	 	 	 	 
0,862	116,8905	 	 	 	 	 	 
0,821	117,3712	 	 	 	 	 	 
0,8483	117,9284	 	 	 	 	 	 
0,8346	118,5021	 	 	 	 	 	 
0,8346	119,0971	 	 	 	 	 	 
0,8004	119,7246	 	 	 	 	 	 
0,8141	120,4028	 	 	 	 	 	 
0,8141	121,1038	 	 	 	 	 	 
0,8278	121,7973	 	 	 	 	 	 
0,8346	122,4902	 	 	 	 	 	 
0,8073	123,2037	 	 	 	 	 	 
0,8141	123,9223	 	 	 	 	 	 
0,8141	124,6411	 	 	 	 	 	 
0,8073	125,3776	 	 	 	 	 	 
0,821	126,1584	 	 	 	 	 	 
0,7936	126,9661	 	 	 	 	 	 
0,8004	127,8161	 	 	 	 	 	 
0,7799	128,6611	 	 	 	 	 	 
0,8073	129,5029	 	 	 	 	 	 
0,8004	130,328	 	 	 	 	 	 
0,8073	131,14	 	 	 	 	 	 
0,8073	131,9646	 	 	 	 	 	 
0,8073	132,809	 	 	 	 	 	 
0,821	133,6725	 	 	 	 	 	 
0,8073	134,557	 	 	 	 	 	 
0,821	135,4659	 	 	 	 	 	 
0,8004	136,4029	 	 	 	 	 	 
0,8141	137,2642	 	 	 	 	 	 
0,8073	138,0325	 	 	 	 	 	 
0,8004	138,7286	 	 	 	 	 	 
0,8004	139,3952	 	 	 	 	 	 
0,8346	140,005	 	 	 	 	 	 
0,8346	140,5416	 	 	 	 	 	 
0,8141	141,0263	 	 	 	 	 	 
0,8346	141,4609	 	 	 	 	 	 
0,8346	141,8233	 	 	 	 	 	 
0,8415	142,143	 	 	 	 	 	 
0,8346	142,4442	 	 	 	 	 	 
0,862	142,7295	 	 	 	 	 	 
0,8757	142,9774	 	 	 	 	 	 
0,8962	143,2478	 	 	 	 	 	 
0,9099	143,5526	 	 	 	 	 	 
0,9715	143,9175	 	 	 	 	 	 
0,9578	144,3256	 	 	 	 	 	 
0,992	144,782	 	 	 	 	 	 
1,0262	145,3259	 	 	 	 	 	 
1,0673	145,9508	 	 	 	 	 	 
1,1083	146,638	 	 	 	 	 	 
1,1151	147,4217	 	 	 	 	 	 
1,163	148,2402	 	 	 	 	 	 
1,1836	149,0769	 	 	 	 	 	 
1,2451	149,9308	 	 	 	 	 	 
1,2725	150,8493	 	 	 	 	 	 
1,2862	151,8147	 	 	 	 	 	 
1,3204	152,8012	 	 	 	 	 	 
1,3135	153,7375	 	 	 	 	 	 
1,382	154,6505	 	 	 	 	 	 
1,3888	155,5667	 	 	 	 	 	 
1,3956	156,4832	 	 	 	 	 	 
1,423	157,399	 	 	 	 	 	 
1,4367	158,3223	 	 	 	 	 	 
1,4504	159,2053	 	 	 	 	 	 
1,464	160,0756	 	 	 	 	 	 
1,464	160,9372	 	 	 	 	 	 
1,4846	161,8049	 	 	 	 	 	 
1,5051	162,6049	 	 	 	 	 	 
1,4983	163,3434	 	 	 	 	 	 
1,5325	164,0701	 	 	 	 	 	 
1,5051	164,8225	 	 	 	 	 	 
1,5667	165,5545	 	 	 	 	 	 
1,553	166,2654	 	 	 	 	 	 
1,553	166,9267	 	 	 	 	 	 
1,5804	167,5236	 	 	 	 	 	 
1,5804	168,0557	 	 	 	 	 	 
1,594	168,5345	 	 	 	 	 	 
1,6214	168,9614	 	 	 	 	 	 
1,6009	169,3635	 	 	 	 	 	 
1,6077	169,713	 	 	 	 	 	 
1,6009	170,0601	 	 	 	 	 	 
1,6077	170,4082	 	 	 	 	 	 
1,6282	170,7187	 	 	 	 	 	 
1,6282	170,9934	 	 	 	 	 	 
1,6282	171,2832	 	 	 	 	 	 
1,6488	171,5618	 	 	 	 	 	 
1,6624	171,8418	 	 	 	 	 	 
1,683	172,1507	 	 	 	 	 	 
1,6898	172,4905	 	 	 	 	 	 
1,6967	172,8854	 	 	 	 	 	 
1,7377	173,3374	 	 	 	 	 	 
1,724	173,796	 	 	 	 	 	 
1,7172	174,2842	 	 	 	 	 	 
1,7651	174,7748	 	 	 	 	 	 
1,7377	175,2666	 	 	 	 	 	 
1,7582	175,7807	 	 	 	 	 	 
1,7582	176,3017	 	 	 	 	 	 
1,7924	176,7907	 	 	 	 	 	 
1,8198	177,2784	 	 	 	 	 	 
1,854	177,7599	 	 	 	 	 	 
1,8335	178,2139	 	 	 	 	 	 
1,854	178,6393	 	 	 	 	 	 
1,8608	179,0244	 	 	 	 	 	 
1,8745	179,3694	 	 	 	 	 	 
1,8882	179,6916	 	 	 	 	 	 
1,9429	179,9544	 	 	 	 	 	 
1,9977	180,1583	 	 	 	 	 	 
2,0798	180,3038	 	 	 	 	 	 
2,1208	180,389	 	 	 	 	 	 
2,2371	180,4358	 	 	 	 	 	 
2,3808	180,4455	 	 	 	 	 	 
2,586	180,3827	 	 	 	 	 	 
2,7707	180,2592	 	 	 	 	 	 
3,0649	180,0169	 	 	 	 	 	 
3,4207	179,6165	 	 	 	 	 	 
3,8722	179,0997	 	 	 	 	 	 
4,2964	178,4881	 	 	 	 	 	 
4,9258	177,7606	 	 	 	 	 	 
5,5483	176,9462	 	 	 	 	 	 
6,2735	176,0614	 	 	 	 	 	 
7,0534	175,1017	 	 	 	 	 	 
7,9907	174,0617	 	 	 	 	 	 
8,9416	172,9323	 	 	 	 	 	 
9,9336	171,7245	 	 	 	 	 	 
11,0009	170,457	 	 	 	 	 	 
12,4307	169,1131	 	 	 	 	 	 
14,3121	167,8299	 	 	 	 	 	 
16,5903	166,6865	 	 	 	 	 	 
19,1695	165,5976	 	 	 	 	 	 
21,8307	164,4799	 	 	 	 	 	 
24,5331	163,3766	 	 	 	 	 	 
27,2628	162,2892	 	 	 	 	 	 
29,9514	161,2227	 	 	 	 	 	 
32,7427	160,1653	 	 	 	 	 	 
35,6776	159,1136	 	 	 	 	 	 
38,811	158,0305	 	 	 	 	 	 
42,0606	156,9093	 	 	 	 	 	 
45,4676	155,7315	 	 	 	 	 	 
48,8335	154,515	 	 	 	 	 	 
52,2405	153,1742	 	 	 	 	 	 
55,3739	151,6665	 	 	 	 	 	 
58,0831	150,0111	 	 	 	 	 	 
60,0944	148,3018	 	 	 	 	 	 
61,4216	146,5016	 	 	 	 	 	 
62,2152	144,6098	 	 	 	 	 	 
62,5231	142,6135	 	 	 	 	 	 
62,5915	140,5471	 	 	 	 	 	 
62,3931	138,3734	 	 	 	 	 	 
62,0716	136,1581	 	 	 	 	 	 
61,6679	133,9263	 	 	 	 	 	 
61,2574	131,7148	 	 	 	 	 	 
60,9085	129,4978	 	 	 	 	 	 
60,717	127,3034	 	 	 	 	 	 
60,6691	125,1327	 	 	 	 	 	 
60,8606	123,0331	 	 	 	 	 	 
61,1959	120,9547	 	 	 	 	 	 
61,6269	118,9477	 	 	 	 	 	 
62,2015	117,0029	 	 	 	 	 	 
62,7831	115,1317	 	 	 	 	 	 
63,3919	113,3038	 	 	 	 	 	 
63,9598	111,6041	 	 	 	 	 	 
64,4181	110,005	 	 	 	 	 	 
64,8697	108,479	 	 	 	 	 	 
65,287	106,9999	 	 	 	 	 	 
65,6017	105,6076	 	 	 	 	 	 
65,9027	104,2793	 	 	 	 	 	 
66,1832	103,0216	 	 	 	 	 	 
66,4706	101,7788	 	 	 	 	 	 
66,7442	100,5856	 	 	 	 	 	 
67,0315	99,4315	 	 	 	 	 	 
67,2983	98,334	 	 	 	 	 	 
67,5857	97,2751	 	 	 	 	 	 
67,8593	96,277	 	 	 	 	 	 
68,1672	95,3018	 	 	 	 	 	 
68,4682	94,3539	 	 	 	 	 	 
68,735	93,4446	 	 	 	 	 	 
68,9403	92,5879	 	 	 	 	 	 
69,1729	91,7623	 	 	 	 	 	 
69,3713	90,9891	 	 	 	 	 	 
69,5081	90,2509	 	 	 	 	 	 
69,6723	89,6115	 	 	 	 	 	 
69,8228	89,0556	 	 	 	 	 	 
69,9254	88,5484	 	 	 	 	 	 
70,0486	88,0842	 	 	 	 	 	 
70,1717	87,6879	 	 	 	 	 	 
70,288	87,3363	 	 	 	 	 	 
70,4796	87,0183	 	 	 	 	 	 
70,5685	86,7411	 	 	 	 	 	 
70,7122	86,5017	 	 	 	 	 	 
70,8353	86,2861	 	 	 	 	 	 
71,0064	86,095	 	 	 	 	 	 
71,109	85,9163	 	 	 	 	 	 
71,3142	85,7753	 	 	 	 	 	 
71,3963	85,6489	 	 	 	 	 	 
71,5605	85,535	 	 	 	 	 	 
71,6973	85,4363	 	 	 	 	 	 
71,8205	85,3394	 	 	 	 	 	 
71,9231	85,2253	 	 	 	 	 	 
72,0531	85,1202	 	 	 	 	 	 
72,1489	85,0297	 	 	 	 	 	 
72,2446	84,9282	 	 	 	 	 	 
72,3404	84,8167	 	 	 	 	 	 
72,4362	84,7087	 	 	 	 	 	 
72,5046	84,5858	 	 	 	 	 	 
72,5867	84,4492	 	 	 	 	 	 
72,6346	84,2877	 	 	 	 	 	 
72,7235	84,0844	 	 	 	 	 	 
72,7578	83,8329	 	 	 	 	 	 
72,8125	83,5572	 	 	 	 	 	 
72,8535	83,2579	 	 	 	 	 	 
72,9083	82,9468	 	 	 	 	 	 
72,9014	82,6099	 	 	 	 	 	 
72,9083	82,2434	 	 	 	 	 	 
72,9219	81,8568	 	 	 	 	 	 
72,9356	81,4501	 	 	 	 	 	 
72,9219	81,0187	 	 	 	 	 	 
72,9219	80,5927	 	 	 	 	 	 
72,8741	80,1637	 	 	 	 	 	 
72,8809	79,7301	 	 	 	 	 	 
72,8125	79,3023	 	 	 	 	 	 
72,7714	78,8915	 	 	 	 	 	 
72,6688	78,489	 	 	 	 	 	 
72,6141	78,1075	 	 	 	 	 	 
72,532	77,7372	 	 	 	 	 	 
72,443	77,3797	 	 	 	 	 	 
72,3267	77,0401	 	 	 	 	 	 
72,1831	76,7255	 	 	 	 	 	 
72,0736	76,4377	 	 	 	 	 	 
71,9026	76,1685	 	 	 	 	 	 
71,7384	75,9041	 	 	 	 	 	 
71,5879	75,6638	 	 	 	 	 	 
71,41	75,4484	 	 	 	 	 	 
71,2048	75,2602	 	 	 	 	 	 
70,9995	75,0961	 	 	 	 	 	 
70,7806	74,9508	 	 	 	 	 	 
70,5275	74,8184	 	 	 	 	 	 
70,2949	74,7043	 	 	 	 	 	 
70,0212	74,6071	 	 	 	 	 	 
69,7681	74,5247	 	 	 	 	 	 
69,4671	74,4518	 	 	 	 	 	 
69,1524	74,3866	 	 	 	 	 	 
68,8103	74,3439	 	 	 	 	 	 
68,4956	74,3328	 	 	 	 	 	 
68,1535	74,3401	 	 	 	 	 	 
67,8251	74,3585	 	 	 	 	 	 
67,442	74,3777	 	 	 	 	 	 
67,1068	74,3921	 	 	 	 	 	 
66,7168	74,4078	 	 	 	 	 	 
66,3748	74,4305	 	 	 	 	 	 
66,0053	74,4603	 	 	 	 	 	 
65,6291	74,5007	 	 	 	 	 	 
65,2596	74,5537	 	 	 	 	 	 
64,8628	74,6251	 	 	 	 	 	 
64,4113	74,7154	 	 	 	 	 	 
63,9529	74,8207	 	 	 	 	 	 
63,5151	74,9295	 	 	 	 	 	 
63,0841	75,0551	 	 	 	 	 	 
62,6394	75,212	 	 	 	 	 	 
62,181	75,4151	 	 	 	 	 	 
61,7637	75,67	 	 	 	 	 	 
61,3601	75,9897	 	 	 	 	 	 
60,9291	76,3684	 	 	 	 	 	 
60,5117	76,8015	 	 	 	 	 	 
60,0534	77,2818	 	 	 	 	 	 
59,6155	77,8124	 	 	 	 	 	 
59,1571	78,3845	 	 	 	 	 	 
58,7398	79,0081	 	 	 	 	 	 
58,2951	79,6772	 	 	 	 	 	 
57,782	80,3937	 	 	 	 	 	 
57,2484	81,1314	 	 	 	 	 	 
56,6601	81,874	 	 	 	 	 	 
55,9759	82,6035	 	 	 	 	 	 
55,1139	83,3164	 	 	 	 	 	 
53,944	83,9799	 	 	 	 	 	 
52,5005	84,5917	 	 	 	 	 	 
50,8996	85,1557	 	 	 	 	 	 
49,2098	85,6765	 	 	 	 	 	 
47,5611	86,1424	 	 	 	 	 	 
46,097	86,557	 	 	 	 	 	 
44,7972	86,8994	 	 	 	 	 	 
43,5862	87,1645	 	 	 	 	 	 
42,4506	87,3529	 	 	 	 	 	 
41,3491	87,4855	 	 	 	 	 	 
40,2613	87,5768	 	 	 	 	 	 
39,1872	87,6301	 	 	 	 	 	 
38,0995	87,6465	 	 	 	 	 	 
37,0322	87,6358	 	 	 	 	 	 
35,9445	87,5983	 	 	 	 	 	 
34,8704	87,5398	 	 	 	 	 	 
33,851	87,4604	 	 	 	 	 	 
32,8248	87,3729	 	 	 	 	 	 
31,8602	87,2779	 	 	 	 	 	 
30,9092	87,1917	 	 	 	 	 	 
29,972	87,1282	 	 	 	 	 	 
29,0415	87,0948	 	 	 	 	 	 
28,0906	87,0795	 	 	 	 	 	 
27,2217	87,0753	 	 	 	 	 	 
26,3324	87,0927	 	 	 	 	 	 
25,443	87,1399	 	 	 	 	 	 
24,6152	87,2325	 	 	 	 	 	 
23,7737	87,3741	 	 	 	 	 	 
23,0006	87,5507	 	 	 	 	 	 
22,1797	87,7654	 	 	 	 	 	 
21,3997	88,0076	 	 	 	 	 	 
20,6061	88,2841	 	 	 	 	 	 
19,8946	88,5834	 	 	 	 	 	 
19,1489	88,8855	 	 	 	 	 	 
18,4716	89,1757	 	 	 	 	 	 
17,767	89,4596	 	 	 	 	 	 
17,1171	89,7401	 	 	 	 	 	 
16,4671	90,0104	 	 	 	 	 	 
15,8309	90,2537	 	 	 	 	 	 
15,2425	90,4555	 	 	 	 	 	 
14,6268	90,6133	 	 	 	 	 	 
14,0727	90,7339	 	 	 	 	 	 
13,5459	90,8087	 	 	 	 	 	 
12,9575	90,8329	 	 	 	 	 	 
12,4649	90,7932	 	 	 	 	 	 
11,9313	90,6942	 	 	 	 	 	 
11,4524	90,5631	 	 	 	 	 	 
10,9735	90,4028	 	 	 	 	 	 
10,5083	90,2129	 	 	 	 	 	 
10,0705	90,0054	 	 	 	 	 	 
9,6463	89,7834	 	 	 	 	 	 
9,2427	89,5487	 	 	 	 	 	 
8,8253	89,3141	 	 	 	 	 	 
8,4559	89,0809	 	 	 	 	 	 
8,0796	88,8506	 	 	 	 	 	 
7,676	88,6323	 	 	 	 	 	 
7,3887	88,4454	 	 	 	 	 	 
6,9987	88,3024	 	 	 	 	 	 
6,7114	88,2034	 	 	 	 	 	 
6,3761	88,1291	 	 	 	 	 	 
6,0956	88,0951	 	 	 	 	 	 
5,7946	88,1117	 	 	 	 	 	 
5,5415	88,1508	 	 	 	 	 	 
5,2336	88,2125	 	 	 	 	 	 
4,9805	88,313	 	 	 	 	 	 
4,7137	88,4503	 	 	 	 	 	 
4,5016	88,624	 	 	 	 	 	 
4,2348	88,832	 	 	 	 	 	 
4,0569	89,0747	 	 	 	 	 	 
3,8175	89,3522	 	 	 	 	 	 
3,6122	89,653	 	 	 	 	 	 
3,3865	89,9803	 	 	 	 	 	 
3,2154	90,341	 	 	 	 	 	 
3,0239	90,7176	 	 	 	 	 	 
2,8734	91,0895	 	 	 	 	 	 
2,675	91,4706	 	 	 	 	 	 
2,5381	91,8595	 	 	 	 	 	 
2,3808	92,2446	 	 	 	 	 	 
2,2713	92,6168	 	 	 	 	 	 
2,0866	92,9754	 	 	 	 	 	 
1,9908	93,3258	 	 	 	 	 	 
1,8266	93,6559	 	 	 	 	 	 
1,7445	93,9535	 	 	 	 	 	 
1,6077	94,2305	 	 	 	 	 	 
1,5051	94,4837	 	 	 	 	 	 
1,3956	94,7153	 	 	 	 	 	 
1,3409	94,9404	 	 	 	 	 	 
1,2246	95,1734	 	 	 	 	 	 
1,1836	95,4192	 	 	 	 	 	 
1,0536	95,6807	 	 	 	 	 	 
1,0262	95,9649	 	 	 	 	 	 
0,9852	96,2789	 	 	 	 	 	 
0,8962	96,6308	 	 	 	 	 	 
0,8483	97,0128	 	 	 	 	 	 
0,8073	97,4293	 	 	 	 	 	 
0,7799	97,8724	 	 	 	 	 	 
0,7389	98,337	 	 	 	 	 	 
0,7047	98,8268	 	 	 	 	 	 
0,691	99,3432	 	 	 	 	 	 
0,6226	99,8759	 	 	 	 	 	 
0,6226	100,424	 	 	 	 	 	 
0,5815	100,9798	 	 	 	 	 	 
0,5473	101,5381	 	 	 	 	 	 
0,5336	102,0872	 	 	 	 	 	 
0,5336	102,6231	 	 	 	 	 	 
0,5268	103,1318	 	 	 	 	 	 
0,5268	103,5752	 	 	 	 	 	 
0,5063	103,9486	 	 	 	 	 	 
0,4994	104,3148	 	 	 	 	 	 
0,4926	104,6765	 	 	 	 	 	 
0,4926	105,0277	 	 	 	 	 	 
0,4789	105,3582	 	 	 	 	 	 
0,4926	105,6679	 	 	 	 	 	 
0,4584	105,9485	 	 	 	 	 	 
0,4721	106,2076	 	 	 	 	 	 
0,4447	106,449	 	 	 	 	 	 
0,4584	106,6868	 	 	 	 	 	 
0,4242	106,9216	 	 	 	 	 	 
0,4447	107,1748	 	 	 	 	 	 
0,431	107,5285	 	 	 	 	 	 
0,4242	107,9921	 	 	 	 	 	 
0,4173	108,4573	 	 	 	 	 	 
0,3763	108,9268	 	 	 	 	 	 
0,4242	109,4064	 	 	 	 	 	 
0,4105	109,9003	 	 	 	 	 	 
0,3968	110,4111	 	 	 	 	 	 
0,3968	110,9418	 	 	 	 	 	 
0,4036	111,4828	 	 	 	 	 	 
0,3968	112,0712	 	 	 	 	 	 
0,4036	112,6974	 	 	 	 	 	 
0,4105	113,3631	 	 	 	 	 	 
0,3831	114,0382	 	 	 	 	 	 
0,4105	114,6807	 	 	 	 	 	 
0,3831	115,2957	 	 	 	 	 	 
0,3694	115,9563	 	 	 	 	 	 
0,3626	116,6409	 	 	 	 	 	 
0,3968	117,3548	 	 	 	 	 	 
0,3694	118,1011	 	 	 	 	 	 
0,3763	118,87	 	 	 	 	 	 
0,3694	119,6649	 	 	 	 	 	 
0,3763	120,4988	 	 	 	 	 	 
0,3489	121,2941	 	 	 	 	 	 
0,39	122,0392	 	 	 	 	 	 
0,4105	122,7317	 	 	 	 	 	 
0,39	123,396	 	 	 	 	 	 
0,3831	124,033	 	 	 	 	 	 
0,3694	124,6093	 	 	 	 	 	 
0,3831	125,0895	 	 	 	 	 	 
0,3763	125,5059	 	 	 	 	 	 
0,3421	125,8415	 	 	 	 	 	 
0,3968	126,1028	 	 	 	 	 	 
0,3968	126,3109	 	 	 	 	 	 
0,39	126,4452	 	 	 	 	 	 
0,4242	126,49	 	 	 	 	 	 
0,4378	126,4996	 	 	 	 	 	 
0,431	126,4985	 	 	 	 	 	 
0,4447	126,4985	 	 	 	 	 	 
0,4447	126,483	 	 	 	 	 	 
0,4584	126,462	 	 	 	 	 	 
0,5063	126,4898	 	 	 	 	 	 
0,5063	126,5748	 	 	 	 	 	 
0,4857	126,681	 	 	 	 	 	 
0,5063	126,8373	 	 	 	 	 	 
0,5336	127,0257	 	 	 	 	 	 
0,5542	127,2243	 	 	 	 	 	 
0,602	127,4703	 	 	 	 	 	 
0,6157	127,8025	 	 	 	 	 	 
0,6294	128,1895	 	 	 	 	 	 
0,6362	128,6104	 	 	 	 	 	 
0,6841	129,045	 	 	 	 	 	 
0,691	129,5101	 	 	 	 	 	 
0,7525	129,986	 	 	 	 	 	 
0,7594	130,4656	 	 	 	 	 	 
0,8004	130,9695	 	 	 	 	 	 
0,821	131,5164	 	 	 	 	 	 
0,8825	132,0668	 	 	 	 	 	 
0,8689	132,6193	 	 	 	 	 	 
0,9236	133,1939	 	 	 	 	 	 
0,9031	133,7736	 	 	 	 	 	 
0,9578	134,2959	 	 	 	 	 	 
0,9646	134,7668	 	 	 	 	 	 
0,9783	135,2089	 	 	 	 	 	 
0,9988	135,6411	 	 	 	 	 	 
1,0057	136,0513	 	 	 	 	 	 
1,0057	136,463	 	 	 	 	 	 
1,0467	136,8281	 	 	 	 	 	 
1,0194	137,1191	 	 	 	 	 	 
1,033	137,3369	 	 	 	 	 	 
1,0125	137,5025	 	 	 	 	 	 
1,0741	137,6449	 	 	 	 	 	 
1,0536	137,7693	 	 	 	 	 	 
1,0946	137,8728	 	 	 	 	 	 
1,0604	137,9905	 	 	 	 	 	 
1,0809	138,1349	 	 	 	 	 	 
1,0673	138,2874	 	 	 	 	 	 
1,122	138,4351	 	 	 	 	 	 
1,0673	138,578	 	 	 	 	 	 
1,0809	138,6946	 	 	 	 	 	 
1,1015	138,8259	 	 	 	 	 	 
1,1083	139,0028	 	 	 	 	 	 
1,1083	139,224	 	 	 	 	 	 
1,1425	139,4816	 	 	 	 	 	 
1,1493	139,7429	 	 	 	 	 	 
1,1562	139,9957	 	 	 	 	 	 
1,122	140,2508	 	 	 	 	 	 
1,1836	140,5059	 	 	 	 	 	 
1,1836	140,7635	 	 	 	 	 	 
1,2041	141,0422	 	 	 	 	 	 
1,2178	141,3447	 	 	 	 	 	 
1,2041	141,6549	 	 	 	 	 	 
1,1904	141,966	 	 	 	 	 	 
1,2314	142,2674	 	 	 	 	 	 
1,2451	142,5474	 	 	 	 	 	 
1,2725	142,7985	 	 	 	 	 	 
1,2588	143,0317	 	 	 	 	 	 
1,252	143,2652	 	 	 	 	 	 
1,2793	143,4829	 	 	 	 	 	 
1,2999	143,6665	 	 	 	 	 	 
1,2793	143,8162	 	 	 	 	 	 
1,3409	143,9169	 	 	 	 	 	 
1,3204	143,9464	 	 	 	 	 	 
1,3683	143,9026	 	 	 	 	 	 
1,3614	143,819	 	 	 	 	 	 
1,382	143,7365	 	 	 	 	 	 
1,3888	143,6488	 	 	 	 	 	 
1,4435	143,5496	 	 	 	 	 	 
1,4914	143,4551	 	 	 	 	 	 
1,5598	143,354	 	 	 	 	 	 
1,594	143,2393	 	 	 	 	 	 
1,7103	143,156	 	 	 	 	 	 
1,8403	143,1182	 	 	 	 	 	 
2,0661	143,105	 	 	 	 	 	 
2,2782	143,1314	 	 	 	 	 	 
2,545	143,1917	 	 	 	 	 	 
2,8734	143,2862	 	 	 	 	 	 
3,2428	143,3642	 	 	 	 	 	 
3,7012	143,375	 	 	 	 	 	 
4,228	143,3	 	 	 	 	 	 
4,7616	143,139	 	 	 	 	 	 
5,432	142,8932	 	 	 	 	 	 
6,1777	142,5816	 	 	 	 	 	 
6,9508	142,1829	 	 	 	 	 	 
7,847	141,6328	 	 	 	 	 	 
8,7569	140,911	 	 	 	 	 	 
9,701	140,0571	 	 	 	 	 	 
10,6657	139,0789	 	 	 	 	 	 
11,8355	138,0111	 	 	 	 	 	 
13,4227	136,8608	 	 	 	 	 	 
15,4204	135,7011	 	 	 	 	 	 
17,678	134,5633	 	 	 	 	 	 
20,0657	133,4862	 	 	 	 	 	 
22,5217	132,4487	 	 	 	 	 	 
24,9436	131,4296	 	 	 	 	 	 
27,3996	130,3995	 	 	 	 	 	 
29,7872	129,4071	 	 	 	 	 	 
32,3049	128,4816	 	 	 	 	 	 
34,9182	127,6471	 	 	 	 	 	 
37,7095	126,8509	 	 	 	 	 	 
40,6171	126,0679	 	 	 	 	 	 
43,6478	125,2803	 	 	 	 	 	 
46,6306	124,4833	 	 	 	 	 	 
49,5314	123,6069	 	 	 	 	 	 
52,22	122,6423	 	 	 	 	 	 
54,4708	121,5573	 	 	 	 	 	 
56,2017	120,4022	 	 	 	 	 	 
57,4126	119,1183	 	 	 	 	 	 
58,1378	117,7368	 	 	 	 	 	 
58,4799	116,2709	 	 	 	 	 	 
58,6304	114,7364	 	 	 	 	 	 
58,5483	113,112	 	 	 	 	 	 
58,3293	111,4649	 	 	 	 	 	 
58,001	109,7975	 	 	 	 	 	 
57,6999	108,106	 	 	 	 	 	 
57,3716	106,3723	 	 	 	 	 	 
57,1526	104,6606	 	 	 	 	 	 
57,0363	102,9702	 	 	 	 	 	 
57,05	101,331	 	 	 	 	 	 
57,2552	99,7073	 	 	 	 	 	 
57,5973	98,2437	 	 	 	 	 	 
58,0283	96,9121	 	 	 	 	 	 
58,5277	95,6365	 	 	 	 	 	 
59,034	94,3992	 	 	 	 	 	 
59,5676	93,2245	 	 	 	 	 	 
60,0534	92,0809	 	 	 	 	 	 
60,5323	90,9897	 	 	 	 	 	 
60,9359	89,9503	 	 	 	 	 	 
61,3259	88,9996	 	 	 	 	 	 
61,6816	88,1089	 	 	 	 	 	 
61,9826	87,2868	 	 	 	 	 	 
62,2221	86,5109	 	 	 	 	 	 
62,5162	85,8033	 	 	 	 	 	 
62,7762	85,0907	 	 	 	 	 	 
63,0225	84,4063	 	 	 	 	 	 
63,2414	83,7775	 	 	 	 	 	 
63,5424	83,2144	 	 	 	 	 	 
63,7956	82,705	 	 	 	 	 	 
64,0145	82,2439	 	 	 	 	 	 
64,2676	81,8035	 	 	 	 	 	 
64,4934	81,3944	 	 	 	 	 	 
64,7397	81,0131	 	 	 	 	 	 
64,9723	80,6541	 	 	 	 	 	 
65,1912	80,3045	 	 	 	 	 	 
65,3965	79,9765	 	 	 	 	 	 
65,5949	79,6536	 	 	 	 	 	 
65,8138	79,3352	 	 	 	 	 	 
65,9985	79,0073	 	 	 	 	 	 
66,1764	78,6931	 	 	 	 	 	 
66,3611	78,3896	 	 	 	 	 	 
66,5458	78,0941	 	 	 	 	 	 
66,7647	77,8086	 	 	 	 	 	 
66,9426	77,566	 	 	 	 	 	 
67,1136	77,3561	 	 	 	 	 	 
67,2915	77,1522	 	 	 	 	 	 
67,4557	76,9609	 	 	 	 	 	 
67,5925	76,7939	 	 	 	 	 	 
67,7704	76,6456	 	 	 	 	 	 
67,9141	76,526	 	 	 	 	 	 
68,0646	76,4334	 	 	 	 	 	 
68,1877	76,347	 	 	 	 	 	 
68,2698	76,2431	 	 	 	 	 	 
68,4272	76,1212	 	 	 	 	 	 
68,5024	75,9878	 	 	 	 	 	 
68,6393	75,8412	 	 	 	 	 	 
68,7145	75,6585	 	 	 	 	 	 
68,7966	75,4368	 	 	 	 	 	 
68,8924	75,1823	 	 	 	 	 	 
68,9676	74,894	 	 	 	 	 	 
69,0155	74,5737	 	 	 	 	 	 
69,0703	74,2188	 	 	 	 	 	 
69,1318	73,8196	 	 	 	 	 	 
69,1387	73,3727	 	 	 	 	 	 
69,1797	72,9048	 	 	 	 	 	 
69,2002	72,4426	 	 	 	 	 	 
69,1866	71,9858	 	 	 	 	 	 
69,1729	71,5232	 	 	 	 	 	 
69,125	71,0614	 	 	 	 	 	 
69,0976	70,6158	 	 	 	 	 	 
69,0361	70,2	 	 	 	 	 	 
69,0155	69,8251	 	 	 	 	 	 
68,8924	69,484	 	 	 	 	 	 
68,8308	69,1605	 	 	 	 	 	 
68,6735	68,8627	 	 	 	 	 	 
68,5708	68,5978	 	 	 	 	 	 
68,4409	68,3741	 	 	 	 	 	 
68,3109	68,1897	 	 	 	 	 	 
68,1398	68,0258	 	 	 	 	 	 
67,9414	67,8809	 	 	 	 	 	 
67,7704	67,7696	 	 	 	 	 	 
67,5583	67,6961	 	 	 	 	 	 
67,3462	67,6468	 	 	 	 	 	 
67,1136	67,6133	 	 	 	 	 	 
66,8605	67,5897	 	 	 	 	 	 
66,6142	67,5705	 	 	 	 	 	 
66,3132	67,5718	 	 	 	 	 	 
66,0532	67,5903	 	 	 	 	 	 
65,7317	67,6236	 	 	 	 	 	 
65,4512	67,664	 	 	 	 	 	 
65,1091	67,6972	 	 	 	 	 	 
64,7739	67,7243	 	 	 	 	 	 
64,4045	67,7452	 	 	 	 	 	 
64,035	67,7539	 	 	 	 	 	 
63,6724	67,7377	 	 	 	 	 	 
63,2688	67,708	 	 	 	 	 	 
62,8446	67,6655	 	 	 	 	 	 
62,4547	67,6156	 	 	 	 	 	 
62,01	67,5788	 	 	 	 	 	 
61,6269	67,554	 	 	 	 	 	 
61,1685	67,5417	 	 	 	 	 	 
60,7443	67,5444	 	 	 	 	 	 
60,286	67,5703	 	 	 	 	 	 
59,8344	67,6311	 	 	 	 	 	 
59,3966	67,7311	 	 	 	 	 	 
58,9587	67,8862	 	 	 	 	 	 
58,4867	68,0954	 	 	 	 	 	 
58,042	68,3622	 	 	 	 	 	 
57,6042	68,6709	 	 	 	 	 	 
57,1595	69,0294	 	 	 	 	 	 
56,7079	69,4277	 	 	 	 	 	 
56,2633	69,871	 	 	 	 	 	 
55,8117	70,3528	 	 	 	 	 	 
55,3739	70,8794	 	 	 	 	 	 
54,9429	71,4465	 	 	 	 	 	 
54,5461	72,0596	 	 	 	 	 	 
54,0809	72,7089	 	 	 	 	 	 
53,6499	73,381	 	 	 	 	 	 
53,2052	74,0456	 	 	 	 	 	 
52,7605	74,7061	 	 	 	 	 	 
52,2953	75,3663	 	 	 	 	 	 
51,7616	76,0332	 	 	 	 	 	 
51,1733	76,69	 	 	 	 	 	 
50,5439	77,3349	 	 	 	 	 	 
49,764	77,9356	 	 	 	 	 	 
48,772	78,486	 	 	 	 	 	 
47,4858	78,969	 	 	 	 	 	 
46,0696	79,379	 	 	 	 	 	 
44,5851	79,6953	 	 	 	 	 	 
43,08	79,9205	 	 	 	 	 	 
41,6707	80,0778	 	 	 	 	 	 
40,405	80,1892	 	 	 	 	 	 
39,2215	80,2467	 	 	 	 	 	 
38,1268	80,2524	 	 	 	 	 	 
37,0596	80,2085	 	 	 	 	 	 
36,0608	80,1229	 	 	 	 	 	 
35,0893	80,0097	 	 	 	 	 	 
34,0699	79,8865	 	 	 	 	 	 
33,1053	79,7656	 	 	 	 	 	 
32,0928	79,6681	 	 	 	 	 	 
31,1418	79,6071	 	 	 	 	 	 
30,184	79,5863	 	 	 	 	 	 
29,2605	79,6071	 	 	 	 	 	 
28,3369	79,6573	 	 	 	 	 	 
27,4407	79,7254	 	 	 	 	 	 
26,5786	79,8159	 	 	 	 	 	 
25,7372	79,9183	 	 	 	 	 	 
24,8957	80,0368	 	 	 	 	 	 
24,0747	80,1751	 	 	 	 	 	 
23,2537	80,3425	 	 	 	 	 	 
22,5149	80,538	 	 	 	 	 	 
21,7281	80,7519	 	 	 	 	 	 
21,0371	80,9594	 	 	 	 	 	 
20,2846	81,1474	 	 	 	 	 	 
19,5457	81,3311	 	 	 	 	 	 
18,8684	81,517	 	 	 	 	 	 
18,2117	81,709	 	 	 	 	 	 
17,5686	81,9191	 	 	 	 	 	 
16,8776	82,1423	 	 	 	 	 	 
16,2277	82,372	 	 	 	 	 	 
15,653	82,5986	 	 	 	 	 	 
15,0578	82,8202	 	 	 	 	 	 
14,49	83,0047	 	 	 	 	 	 
13,929	83,1519	 	 	 	 	 	 
13,4227	83,2696	 	 	 	 	 	 
12,8617	83,3678	 	 	 	 	 	 
12,3692	83,4591	 	 	 	 	 	 
11,8492	83,5328	 	 	 	 	 	 
11,3977	83,5836	 	 	 	 	 	 
10,9188	83,6114	 	 	 	 	 	 
10,4673	83,6023	 	 	 	 	 	 
10,0431	83,5661	 	 	 	 	 	 
9,6395	83,5309	 	 	 	 	 	 
9,2221	83,5033	 	 	 	 	 	 
8,8185	83,4754	 	 	 	 	 	 
8,4285	83,4585	 	 	 	 	 	 
8,0728	83,4574	 	 	 	 	 	 
7,6623	83,4737	 	 	 	 	 	 
7,3476	83,5145	 	 	 	 	 	 
7,0261	83,5753	 	 	 	 	 	 
6,7045	83,659	 	 	 	 	 	 
6,3898	83,7582	 	 	 	 	 	 
6,1367	83,8722	 	 	 	 	 	 
5,7946	84,012	 	 	 	 	 	 
5,5347	84,1732	 	 	 	 	 	 
5,2542	84,337	 	 	 	 	 	 
5,0079	84,4987	 	 	 	 	 	 
4,7684	84,669	 	 	 	 	 	 
4,5358	84,8502	 	 	 	 	 	 
4,2758	85,0322	 	 	 	 	 	 
4,0638	85,2084	 	 	 	 	 	 
3,8312	85,3744	 	 	 	 	 	 
3,6601	85,5338	 	 	 	 	 	 
3,4275	85,6876	 	 	 	 	 	 
3,277	85,838	 	 	 	 	 	 
3,0581	85,9726	 	 	 	 	 	 
2,8734	86,0814	 	 	 	 	 	 
2,7092	86,1647	 	 	 	 	 	 
2,5381	86,2307	 	 	 	 	 	 
2,3876	86,2832	 	 	 	 	 	 
2,2371	86,3193	 	 	 	 	 	 
2,1003	86,3461	 	 	 	 	 	 
1,9772	86,3824	 	 	 	 	 	 
1,8403	86,4317	 	 	 	 	 	 
1,7103	86,4962	 	 	 	 	 	 
1,5667	86,5661	 	 	 	 	 	 
1,4709	86,6432	 	 	 	 	 	 
1,3751	86,7369	 	 	 	 	 	 
1,2657	86,8595	 	 	 	 	 	 
1,1493	87,0173	 	 	 	 	 	 
1,0878	87,2165	 	 	 	 	 	 
1,0194	87,447	 	 	 	 	 	 
0,9373	87,7195	 	 	 	 	 	 
0,8415	88,0345	 	 	 	 	 	 
0,7868	88,3806	 	 	 	 	 	 
0,7047	88,734	 	 	 	 	 	 
0,6636	89,0983	 	 	 	 	 	 
0,6431	89,4713	 	 	 	 	 	 
0,5815	89,8703	 	 	 	 	 	 
0,5405	90,2892	 	 	 	 	 	 
0,4994	90,7346	 	 	 	 	 	 
0,4515	91,2051	 	 	 	 	 	 
0,4515	91,7006	 	 	 	 	 	 
0,3968	92,2083	 	 	 	 	 	 
0,39	92,7196	 	 	 	 	 	 
0,3694	93,2082	 	 	 	 	 	 
0,3558	93,6836	 	 	 	 	 	 
0,3215	94,1592	 	 	 	 	 	 
0,3147	94,653	 	 	 	 	 	 
0,2942	95,1524	 	 	 	 	 	 
0,2873	95,6575	 	 	 	 	 	 
0,2668	96,1433	 	 	 	 	 	 
0,2531	96,6109	 	 	 	 	 	 
0,2737	97,0363	 	 	 	 	 	 
0,2258	97,437	 	 	 	 	 	 
0,2531	97,8142	 	 	 	 	 	 
0,2258	98,1655	 	 	 	 	 	 
0,2531	98,5169	 	 	 	 	 	 
0,2531	98,8977	 	 	 	 	 	 
0,2121	99,2863	 	 	 	 	 	 
0,2258	99,6814	 	 	 	 	 	 
0,2189	100,0696	 	 	 	 	 	 
0,2121	100,4495	 	 	 	 	 	 
0,1916	100,8208	 	 	 	 	 	 
0,2189	101,2093	 	 	 	 	 	 
0,1916	101,6186	 	 	 	 	 	 
0,1984	102,0602	 	 	 	 	 	 
0,2258	102,4969	 	 	 	 	 	 
0,1984	102,9398	 	 	 	 	 	 
0,2189	103,4069	 	 	 	 	 	 
0,1984	103,9004	 	 	 	 	 	 
0,1847	104,3938	 	 	 	 	 	 
0,1779	104,9036	 	 	 	 	 	 
0,171	105,4168	 	 	 	 	 	 
0,1779	105,9493	 	 	 	 	 	 
0,171	106,5167	 	 	 	 	 	 
0,171	107,1276	 	 	 	 	 	 
0,1916	107,7547	 	 	 	 	 	 
0,1642	108,4045	 	 	 	 	 	 
0,1847	109,0782	 	 	 	 	 	 
0,1505	109,724	 	 	 	 	 	 
0,1916	110,3128	 	 	 	 	 	 
0,171	110,8827	 	 	 	 	 	 
0,1847	111,4059	 	 	 	 	 	 
0,1642	111,9019	 	 	 	 	 	 
0,1779	112,3581	 	 	 	 	 	 
0,1779	112,7819	 	 	 	 	 	 
0,171	113,1556	 	 	 	 	 	 
0,1779	113,4799	 	 	 	 	 	 
0,1779	113,741	 	 	 	 	 	 
0,1505	113,9521	 	 	 	 	 	 
0,1916	114,0968	 	 	 	 	 	 
0,1642	114,173	 	 	 	 	 	 
0,1847	114,3224	 	 	 	 	 	 
0,1779	114,58	 	 	 	 	 	 
0,2121	114,8477	 	 	 	 	 	 
0,2394	115,1285	 	 	 	 	 	 
0,2121	115,4091	 	 	 	 	 	 
0,1779	115,7024	 	 	 	 	 	 
0,1984	116,0081	 	 	 	 	 	 
0,1779	116,3335	 	 	 	 	 	 
0,2052	116,6598	 	 	 	 	 	 
0,1916	116,9854	 	 	 	 	 	 
0,2121	117,3153	 	 	 	 	 	 
0,2394	117,6633	 	 	 	 	 	 
0,2189	118,0367	 	 	 	 	 	 
0,2189	118,367	 	 	 	 	 	 
0,2189	118,6238	 	 	 	 	 	 
0,2258	118,864	 	 	 	 	 	 
0,2531	119,106	 	 	 	 	 	 
0,2531	119,352	 	 	 	 	 	 
0,2873	119,5988	 	 	 	 	 	 
0,2737	119,8554	 	 	 	 	 	 
0,3147	120,1192	 	 	 	 	 	 
0,2942	120,4	 	 	 	 	 	 
0,3489	120,7061	 	 	 	 	 	 
0,3284	121,0239	 	 	 	 	 	 
0,3626	121,3419	 	 	 	 	 	 
0,3626	121,6514	 	 	 	 	 	 
0,4515	121,9494	 	 	 	 	 	 
0,4378	122,2485	 	 	 	 	 	 
0,4721	122,5363	 	 	 	 	 	 
0,4789	122,8037	 	 	 	 	 	 
0,5336	123,0553	 	 	 	 	 	 
0,5405	123,2793	 	 	 	 	 	 
0,5884	123,4495	 	 	 	 	 	 
0,5815	123,5714	 	 	 	 	 	 
0,6089	123,6551	 	 	 	 	 	 
0,6499	123,7097	 	 	 	 	 	 
0,6636	123,7636	 	 	 	 	 	 
0,6499	123,8287	 	 	 	 	 	 
0,7115	123,9079	 	 	 	 	 	 
0,6841	123,9956	 	 	 	 	 	 
0,7252	124,0872	 	 	 	 	 	 
0,7252	124,1896	 	 	 	 	 	 
0,7252	124,2956	 	 	 	 	 	 
0,732	124,4024	 	 	 	 	 	 
0,7731	124,5337	 	 	 	 	 	 
0,7731	124,7174	 	 	 	 	 	 
0,7936	124,963	 	 	 	 	 	 
0,7868	125,2578	 	 	 	 	 	 
0,8004	125,5983	 	 	 	 	 	 
0,7936	125,9524	 	 	 	 	 	 
0,8004	126,308	 	 	 	 	 	 
0,7799	126,6663	 	 	 	 	 	 
0,7731	127,0319	 	 	 	 	 	 
0,8141	127,4091	 	 	 	 	 	 
0,8141	127,797	 	 	 	 	 	 
0,7868	128,2115	 	 	 	 	 	 
0,8141	128,6486	 	 	 	 	 	 
0,8278	129,0774	 	 	 	 	 	 
0,8346	129,4821	 	 	 	 	 	 
0,821	129,8447	 	 	 	 	 	 
0,8552	130,1829	 	 	 	 	 	 
0,8483	130,4856	 	 	 	 	 	 
0,862	130,7553	 	 	 	 	 	 
0,8346	130,9966	 	 	 	 	 	 
0,862	131,2004	 	 	 	 	 	 
0,8689	131,3661	 	 	 	 	 	 
0,8962	131,4941	 	 	 	 	 	 
0,8962	131,5833	 	 	 	 	 	 
0,8894	131,6252	 	 	 	 	 	 
0,8962	131,6343	 	 	 	 	 	 
0,9304	131,628	 	 	 	 	 	 
0,9236	131,612	 	 	 	 	 	 
0,9099	131,584	 	 	 	 	 	 
0,9373	131,5115	 	 	 	 	 	 
0,9373	131,4056	 	 	 	 	 	 
0,9646	131,2853	 	 	 	 	 	 
0,9646	131,1441	 	 	 	 	 	 
0,9715	130,9985	 	 	 	 	 	 
0,9783	130,8598	 	 	 	 	 	 
1,0125	130,7292	 	 	 	 	 	 
1,0057	130,6273	 	 	 	 	 	 
1,0399	130,5565	 	 	 	 	 	 
1,0399	130,4977	 	 	 	 	 	 
1,0467	130,4495	 	 	 	 	 	 
1,1015	130,4395	 	 	 	 	 	 
1,1767	130,4879	 	 	 	 	 	 
1,2178	130,6143	 	 	 	 	 	 
1,2862	130,8033	 	 	 	 	 	 
1,4162	131,0359	 	 	 	 	 	 
1,5461	131,328	 	 	 	 	 	 
1,7377	131,6534	 	 	 	 	 	 
1,9772	131,9918	 	 	 	 	 	 
2,244	132,3117	 	 	 	 	 	 
2,5723	132,5713	 	 	 	 	 	 
2,9418	132,7399	 	 	 	 	 	 
3,3796	132,8366	 	 	 	 	 	 
3,838	132,8381	 	 	 	 	 	 
4,3921	132,6858	 	 	 	 	 	 
5,0284	132,3561	 	 	 	 	 	 
5,7125	131,8472	 	 	 	 	 	 
6,4719	131,1615	 	 	 	 	 	 
7,3066	130,3203	 	 	 	 	 	 
8,1754	129,3086	 	 	 	 	 	 
8,9895	128,1643	 	 	 	 	 	 
9,8447	126,8815	 	 	 	 	 	 
10,7272	125,5171	 	 	 	 	 	 
11,9108	124,0972	 	 	 	 	 	 
13,498	122,6776	 	 	 	 	 	 
15,352	121,2437	 	 	 	 	 	 
17,507	119,8429	 	 	 	 	 	 
19,7168	118,4828	 	 	 	 	 	 
21,9881	117,1866	 	 	 	 	 	 
24,2047	115,9533	 	 	 	 	 	 
26,435	114,7969	 	 	 	 	 	 
28,6379	113,7231	 	 	 	 	 	 
30,875	112,7473	 	 	 	 	 	 
33,2353	111,8356	 	 	 	 	 	 
35,7118	111,0199	 	 	 	 	 	 
38,3389	110,2599	 	 	 	 	 	 
41,0207	109,5481	 	 	 	 	 	 
43,6957	108,8512	 	 	 	 	 	 
46,2954	108,1799	 	 	 	 	 	 
48,5804	107,4923	 	 	 	 	 	 
50,5713	106,8332	 	 	 	 	 	 
52,1037	106,1858	 	 	 	 	 	 
53,2462	105,5481	 	 	 	 	 	 
53,9304	104,8981	 	 	 	 	 	 
54,3545	104,195	 	 	 	 	 	 
54,5187	103,409	 	 	 	 	 	 
54,5734	102,5666	 	 	 	 	 	 
54,4024	101,6445	 	 	 	 	 	 
54,2519	100,661	 	 	 	 	 	 
53,9782	99,6044	 	 	 	 	 	 
53,7251	98,4867	 	 	 	 	 	 
53,4857	97,3033	 	 	 	 	 	 
53,3694	96,0871	 	 	 	 	 	 
53,3078	94,8145	 	 	 	 	 	 
53,4309	93,4894	 	 	 	 	 	 
53,6362	92,1102	 	 	 	 	 	 
54,0125	90,7068	 	 	 	 	 	 
54,3614	89,3127	 	 	 	 	 	 
54,8881	87,9696	 	 	 	 	 	 
55,326	86,6698	 	 	 	 	 	 
55,8254	85,4297	 	 	 	 	 	 
56,2906	84,254	 	 	 	 	 	 
56,7421	83,1753	 	 	 	 	 	 
57,1321	82,1903	 	 	 	 	 	 
57,5289	81,2978	 	 	 	 	 	 
57,8915	80,4836	 	 	 	 	 	 
58,213	79,7522	 	 	 	 	 	 
58,5483	79,1143	 	 	 	 	 	 
58,863	78,5897	 	 	 	 	 	 
59,1503	78,1661	 	 	 	 	 	 
59,4308	77,8205	 	 	 	 	 	 
59,7181	77,5246	 	 	 	 	 	 
60,0055	77,2791	 	 	 	 	 	 
60,286	77,0768	 	 	 	 	 	 
60,6007	76,9039	 	 	 	 	 	 
60,8538	76,7399	 	 	 	 	 	 
61,1753	76,5785	 	 	 	 	 	 
61,4764	76,4241	 	 	 	 	 	 
61,75	76,2792	 	 	 	 	 	 
62,0237	76,1413	 	 	 	 	 	 
62,27	75,999	 	 	 	 	 	 
62,5368	75,8312	 	 	 	 	 	 
62,831	75,6292	 	 	 	 	 	 
63,0499	75,4185	 	 	 	 	 	 
63,2962	75,2082	 	 	 	 	 	 
63,5151	74,9871	 	 	 	 	 	 
63,7408	74,75	 	 	 	 	 	 
63,9324	74,5041	 	 	 	 	 	 
64,1445	74,2466	 	 	 	 	 	 
64,3224	73,9826	 	 	 	 	 	 
64,5002	73,6967	 	 	 	 	 	 
64,6644	73,3816	 	 	 	 	 	 
64,8492	73,0426	 	 	 	 	 	 
65,027	72,6864	 	 	 	 	 	 
65,1707	72,3115	 	 	 	 	 	 
65,3144	71,9255	 	 	 	 	 	 
65,4649	71,52	 	 	 	 	 	 
65,5812	71,0981	 	 	 	 	 	 
65,7248	70,6601	 	 	 	 	 	 
65,8138	70,2098	 	 	 	 	 	 
65,9232	69,7536	 	 	 	 	 	 
65,9711	69,3071	 	 	 	 	 	 
66,0738	68,8586	 	 	 	 	 	 
66,149	68,4317	 	 	 	 	 	 
66,1695	68,0304	 	 	 	 	 	 
66,1969	67,6421	 	 	 	 	 	 
66,2174	67,2672	 	 	 	 	 	 
66,2106	66,9233	 	 	 	 	 	 
66,1969	66,6132	 	 	 	 	 	 
66,1695	66,3307	 	 	 	 	 	 
66,1422	66,0637	 	 	 	 	 	 
66,0738	65,8253	 	 	 	 	 	 
66,0395	65,6176	 	 	 	 	 	 
65,9301	65,422	 	 	 	 	 	 
65,8411	65,1998	 	 	 	 	 	 
65,7317	64,971	 	 	 	 	 	 
65,6085	64,7409	 	 	 	 	 	 
65,4922	64,5128	 	 	 	 	 	 
65,328	64,2996	 	 	 	 	 	 
65,1433	64,0927	 	 	 	 	 	 
64,9518	63,8807	 	 	 	 	 	 
64,7602	63,6578	 	 	 	 	 	 
64,5481	63,4248	 	 	 	 	 	 
64,3087	63,1973	 	 	 	 	 	 
64,0829	62,9692	 	 	 	 	 	 
63,8229	62,7364	 	 	 	 	 	 
63,5698	62,4987	 	 	 	 	 	 
63,2825	62,3118	 	 	 	 	 	 
62,9404	62,1741	 	 	 	 	 	 
62,6599	62,0537	 	 	 	 	 	 
62,3247	61,9475	 	 	 	 	 	 
61,9621	61,8434	 	 	 	 	 	 
61,6269	61,7495	 	 	 	 	 	 
61,2574	61,6684	 	 	 	 	 	 
60,8538	61,621	 	 	 	 	 	 
60,4502	61,612	 	 	 	 	 	 
60,0465	61,6388	 	 	 	 	 	 
59,6224	61,7006	 	 	 	 	 	 
59,1914	61,8037	 	 	 	 	 	 
58,7261	61,9666	 	 	 	 	 	 
58,2883	62,1735	 	 	 	 	 	 
57,8162	62,4118	 	 	 	 	 	 
57,3237	62,6964	 	 	 	 	 	 
56,8448	63,0268	 	 	 	 	 	 
56,3864	63,4148	 	 	 	 	 	 
55,8938	63,8528	 	 	 	 	 	 
55,3739	64,3482	 	 	 	 	 	 
54,895	64,8635	 	 	 	 	 	 
54,3887	65,3941	 	 	 	 	 	 
53,9098	65,9292	 	 	 	 	 	 
53,4104	66,466	 	 	 	 	 	 
52,9178	66,9958	 	 	 	 	 	 
52,4253	67,5194	 	 	 	 	 	 
51,9669	68,0164	 	 	 	 	 	 
51,488	68,4967	 	 	 	 	 	 
51,0433	68,9614	 	 	 	 	 	 
50,5439	69,4137	 	 	 	 	 	 
50,065	69,8441	 	 	 	 	 	 
49,634	70,2648	 	 	 	 	 	 
49,1825	70,6593	 	 	 	 	 	 
48,7241	71,0484	 	 	 	 	 	 
48,2794	71,4331	 	 	 	 	 	 
47,8142	71,8091	 	 	 	 	 	 
47,3285	72,1817	 	 	 	 	 	 
46,8359	72,5545	 	 	 	 	 	 
46,3228	72,9082	 	 	 	 	 	 
45,7207	73,2552	 	 	 	 	 	 
45,0708	73,5881	 	 	 	 	 	 
44,2225	73,9086	 	 	 	 	 	 
43,1826	74,2111	 	 	 	 	 	 
41,9717	74,4985	 	 	 	 	 	 
40,6376	74,7585	 	 	 	 	 	 
39,2557	75,0049	 	 	 	 	 	 
37,949	75,232	 	 	 	 	 	 
36,6902	75,4421	 	 	 	 	 	 
35,5476	75,6509	 	 	 	 	 	 
34,4667	75,8522	 	 	 	 	 	 
33,4679	76,0458	 	 	 	 	 	 
32,5101	76,2405	 	 	 	 	 	 
31,5797	76,4315	 	 	 	 	 	 
30,6766	76,6174	 	 	 	 	 	 
29,7941	76,7916	 	 	 	 	 	 
28,8979	76,9557	 	 	 	 	 	 
28,0085	77,0926	 	 	 	 	 	 
27,1123	77,1886	 	 	 	 	 	 
26,2776	77,2449	 	 	 	 	 	 
25,4361	77,2756	 	 	 	 	 	 
24,6289	77,2867	 	 	 	 	 	 
23,8079	77,2793	 	 	 	 	 	 
23,0075	77,2616	 	 	 	 	 	 
22,2549	77,2334	 	 	 	 	 	 
21,516	77,1917	 	 	 	 	 	 
20,8182	77,135	 	 	 	 	 	 
20,1546	77,0651	 	 	 	 	 	 
19,4157	76,9874	 	 	 	 	 	 
18,7316	76,8984	 	 	 	 	 	 
18,0748	76,8311	 	 	 	 	 	 
17,4523	76,8209	 	 	 	 	 	 
16,8024	76,8476	 	 	 	 	 	 
16,2277	76,8954	 	 	 	 	 	 
15,5709	76,9502	 	 	 	 	 	 
15,0304	76,9959	 	 	 	 	 	 
14,4763	77,0254	 	 	 	 	 	 
13,9358	77,0488	 	 	 	 	 	 
13,3954	77,0766	 	 	 	 	 	 
12,8823	77,1185	 	 	 	 	 	 
12,376	77,1794	 	 	 	 	 	 
11,8903	77,2619	 	 	 	 	 	 
11,4114	77,3755	 	 	 	 	 	 
10,9462	77,5184	 	 	 	 	 	 
10,4809	77,671	 	 	 	 	 	 
10,1047	77,8451	 	 	 	 	 	 
9,6668	78,0416	 	 	 	 	 	 
9,2632	78,2598	 	 	 	 	 	 
8,8595	78,513	 	 	 	 	 	 
8,5106	78,8108	 	 	 	 	 	 
8,1002	79,1351	 	 	 	 	 	 
7,7444	79,4672	 	 	 	 	 	 
7,4229	79,7947	 	 	 	 	 	 
7,0876	80,1167	 	 	 	 	 	 
6,7387	80,4241	 	 	 	 	 	 
6,4446	80,7068	 	 	 	 	 	 
6,1435	80,9405	 	 	 	 	 	 
5,8767	81,1302	 	 	 	 	 	 
5,5825	81,2774	 	 	 	 	 	 
5,2952	81,3795	 	 	 	 	 	 
5,0352	81,4481	 	 	 	 	 	 
4,7889	81,4915	 	 	 	 	 	 
4,5358	81,4993	 	 	 	 	 	 
4,2895	81,4734	 	 	 	 	 	 
4,0774	81,4352	 	 	 	 	 	 
3,8654	81,3916	 	 	 	 	 	 
3,6533	81,3368	 	 	 	 	 	 
3,4549	81,2805	 	 	 	 	 	 
3,2565	81,2345	 	 	 	 	 	 
3,0581	81,2047	 	 	 	 	 	 
2,9007	81,1833	 	 	 	 	 	 
2,7297	81,1675	 	 	 	 	 	 
2,5108	81,1707	 	 	 	 	 	 
2,3808	81,195	 	 	 	 	 	 
2,2098	81,2179	 	 	 	 	 	 
2,0798	81,2542	 	 	 	 	 	 
1,9498	81,3164	 	 	 	 	 	 
1,8061	81,395	 	 	 	 	 	 
1,6967	81,4906	 	 	 	 	 	 
1,553	81,6179	 	 	 	 	 	 
1,423	81,768	 	 	 	 	 	 
1,3204	81,9301	 	 	 	 	 	 
1,2178	82,1143	 	 	 	 	 	 
1,1357	82,3356	 	 	 	 	 	 
1,0262	82,5995	 	 	 	 	 	 
0,9509	82,8998	 	 	 	 	 	 
0,862	83,2233	 	 	 	 	 	 
0,7662	83,587	 	 	 	 	 	 
0,7047	83,9691	 	 	 	 	 	 
0,6226	84,3687	 	 	 	 	 	 
0,5542	84,7869	 	 	 	 	 	 
0,5131	85,2154	 	 	 	 	 	 
0,4515	85,6308	 	 	 	 	 	 
0,3968	86,0432	 	 	 	 	 	 
0,3831	86,4606	 	 	 	 	 	 
0,3352	86,866	 	 	 	 	 	 
0,2942	87,2378	 	 	 	 	 	 
0,2463	87,5866	 	 	 	 	 	 
0,2189	87,9122	 	 	 	 	 	 
0,1916	88,2143	 	 	 	 	 	 
0,1916	88,4781	 	 	 	 	 	 
0,1437	88,7249	 	 	 	 	 	 
0,1163	88,9437	 	 	 	 	 	 
0,1026	89,1406	 	 	 	 	 	 
0,1095	89,329	 	 	 	 	 	 
0,0753	89,5147	 	 	 	 	 	 
0,0889	89,685	 	 	 	 	 	 
0,0684	89,8484	 	 	 	 	 	 
0,0479	90,0294	 	 	 	 	 	 
0,0342	90,2401	 	 	 	 	 	 
0,0342	90,4533	 	 	 	 	 	 
0,0274	90,6883	 	 	 	 	 	 
0,0205	90,9589	 	 	 	 	 	 
0,0	91,2862	 	 	 	 	 	 
0,0342	91,649	 	 	 	 	 	 
0,0	92,0518	 	 	 	 	 	 
0,0	92,4821	 	 	 	 	 	 
0,0068	92,9378	 	 	 	 	 	 
-0,0068	93,4352	 	 	 	 	 	 
-0,0137	93,9926	 	 	 	 	 	 
-0,0342	94,5878	 	 	 	 	 	 
0,0	95,2128	 	 	 	 	 	 
0,0068	95,8644	 	 	 	 	 	 
-0,0205	96,5505	 	 	 	 	 	 
-0,0274	97,2303	 	 	 	 	 	 
-0,0274	97,8949	 	 	 	 	 	 
0,0137	98,5188	 	 	 	 	 	 
-0,0342	99,1116	 	 	 	 	 	 
-0,0137	99,6767	 	 	 	 	 	 
-0,0137	100,2224	 	 	 	 	 	 
-0,0342	100,7422	 	 	 	 	 	 
-0,0616	101,2282	 	 	 	 	 	 
-0,0274	101,6522	 	 	 	 	 	 
-0,041	102,0175	 	 	 	 	 	 
-0,0342	102,3278	 	 	 	 	 	 
-0,041	102,5989	 	 	 	 	 	 
-0,041	102,8429	 	 	 	 	 	 
-0,0616	103,0813	 	 	 	 	 	 
-0,041	103,316	 	 	 	 	 	 
-0,0479	103,5584	 	 	 	 	 	 
-0,0274	103,8148	 	 	 	 	 	 
-0,0547	104,082	 	 	 	 	 	 
-0,0274	104,3551	 	 	 	 	 	 
-0,0479	104,6321	 	 	 	 	 	 
-0,0342	104,9168	 	 	 	 	 	 
-0,0547	105,2369	 	 	 	 	 	 
-0,0342	105,6033	 	 	 	 	 	 
-0,0342	105,995	 	 	 	 	 	 
-0,0342	106,3869	 	 	 	 	 	 
-0,0479	106,7741	 	 	 	 	 	 
-0,0137	107,1671	 	 	 	 	 	 
-0,0274	107,572	 	 	 	 	 	 
-0,0137	107,9839	 	 	 	 	 	 
-0,0274	108,3902	 	 	 	 	 	 
-0,0068	108,7894	 	 	 	 	 	 
-0,041	109,1832	 	 	 	 	 	 
-0,0205	109,5872	 	 	 	 	 	 
0,0068	109,9904	 	 	 	 	 	 
0,0274	110,3621	 	 	 	 	 	 
0,0274	110,6947	 	 	 	 	 	 
0,0	111,0138	 	 	 	 	 	 
0,0068	111,3356	 	 	 	 	 	 
0,0479	111,6514	 	 	 	 	 	 
0,041	111,9374	 	 	 	 	 	 
0,0274	112,1887	 	 	 	 	 	 
0,041	112,4193	 	 	 	 	 	 
0,0958	112,639	 	 	 	 	 	 
0,0889	112,8491	 	 	 	 	 	 
0,0958	113,0498	 	 	 	 	 	 
0,1437	113,2178	 	 	 	 	 	 
0,1505	113,3461	 	 	 	 	 	 
0,1505	113,4665	 	 	 	 	 	 
0,1916	113,5929	 	 	 	 	 	 
0,2189	113,7019	 	 	 	 	 	 
0,2258	113,7913	 	 	 	 	 	 
0,2531	113,8763	 	 	 	 	 	 
0,2942	113,9861	 	 	 	 	 	 
0,301	114,1167	 	 	 	 	 	 
0,3147	114,2423	 	 	 	 	 	 
0,3147	114,3583	 	 	 	 	 	 
0,3489	114,4897	 	 	 	 	 	 
0,3694	114,6414	 	 	 	 	 	 
0,3831	114,8237	 	 	 	 	 	 
0,4036	115,0578	 	 	 	 	 	 
0,4242	115,3233	 	 	 	 	 	 
0,4105	115,6011	 	 	 	 	 	 
0,431	115,9261	 	 	 	 	 	 
0,4378	116,2934	 	 	 	 	 	 
0,4515	116,7017	 	 	 	 	 	 
0,4857	117,1207	 	 	 	 	 	 
0,4721	117,5418	 	 	 	 	 	 
0,4584	117,9972	 	 	 	 	 	 
0,4857	118,4998	 	 	 	 	 	 
0,4994	119,0038	 	 	 	 	 	 
0,4994	119,4922	 	 	 	 	 	 
0,4926	119,9656	 	 	 	 	 	 
0,5131	120,4053	 	 	 	 	 	 
0,5473	120,8285	 	 	 	 	 	 
0,5199	121,2372	 	 	 	 	 	 
0,5473	121,58	 	 	 	 	 	 
0,5199	121,8644	 	 	 	 	 	 
0,5405	122,0769	 	 	 	 	 	 
0,5268	122,2302	 	 	 	 	 	 
0,561	122,3445	 	 	 	 	 	 
0,5678	122,4061	 	 	 	 	 	 
0,5405	122,3963	 	 	 	 	 	 
0,5747	122,3262	 	 	 	 	 	 
0,5747	122,2173	 	 	 	 	 	 
0,561	122,0898	 	 	 	 	 	 
0,5815	121,9638	 	 	 	 	 	 
0,6089	121,8311	 	 	 	 	 	 
0,6226	121,7064	 	 	 	 	 	 
0,6157	121,6078	 	 	 	 	 	 
0,6157	121,5224	 	 	 	 	 	 
0,6226	121,4564	 	 	 	 	 	 
0,6431	121,4114	 	 	 	 	 	 
0,6499	121,3884	 	 	 	 	 	 
0,6636	121,3859	 	 	 	 	 	 
0,6841	121,4131	 	 	 	 	 	 
0,6705	121,4895	 	 	 	 	 	 
0,6705	121,6059	 	 	 	 	 	 
0,7115	121,7243	 	 	 	 	 	 
0,6978	121,8238	 	 	 	 	 	 
0,7115	121,9029	 	 	 	 	 	 
0,7252	121,9721	 	 	 	 	 	 
0,732	122,0503	 	 	 	 	 	 
0,7115	122,1544	 	 	 	 	 	 
0,7731	122,285	 	 	 	 	 	 
0,7731	122,4412	 	 	 	 	 	 
0,8415	122,6051	 	 	 	 	 	 
0,8825	122,7398	 	 	 	 	 	 
0,992	122,8416	 	 	 	 	 	 
1,0467	122,9284	 	 	 	 	 	 
1,1767	123,0013	 	 	 	 	 	 
1,3341	123,052	 	 	 	 	 	 
1,5461	123,0979	 	 	 	 	 	 
1,7719	123,1217	 	 	 	 	 	 
2,0729	123,0843	 	 	 	 	 	 
2,3876	122,9603	 	 	 	 	 	 
2,7502	122,7294	 	 	 	 	 	 
3,1402	122,3793	 	 	 	 	 	 
3,6259	121,9022	 	 	 	 	 	 
4,1185	121,2807	 	 	 	 	 	 
4,7684	120,5844	 	 	 	 	 	 
5,4594	119,8063	 	 	 	 	 	 
6,2256	118,8965	 	 	 	 	 	 
7,0055	117,8589	 	 	 	 	 	 
7,8265	116,7403	 	 	 	 	 	 
8,6133	115,5225	 	 	 	 	 	 
9,3795	114,2476	 	 	 	 	 	 
10,1184	112,9493	 	 	 	 	 	 
11,0488	111,6506	 	 	 	 	 	 
12,2734	110,3587	 	 	 	 	 	 
13,8674	109,0982	 	 	 	 	 	 
15,7146	107,8868	 	 	 	 	 	 
17,7465	106,7792	 	 	 	 	 	 
19,8057	105,7518	 	 	 	 	 	 
21,947	104,8182	 	 	 	 	 	 
24,0952	103,9913	 	 	 	 	 	 
26,134	103,2612	 	 	 	 	 	 
28,1727	102,6165	 	 	 	 	 	 
30,2935	102,073	 	 	 	 	 	 
32,3869	101,5944	 	 	 	 	 	 
34,6651	101,1532	 	 	 	 	 	 
37,0185	100,7453	 	 	 	 	 	 
39,4267	100,3791	 	 	 	 	 	 
41,7801	100,0416	 	 	 	 	 	 
44,0172	99,7041	 	 	 	 	 	 
45,9807	99,3234	 	 	 	 	 	 
47,6158	98,8697	 	 	 	 	 	 
48,9088	98,3382	 	 	 	 	 	 
49,8461	97,7407	 	 	 	 	 	 
50,4755	97,0801	 	 	 	 	 	 
50,8586	96,3339	 	 	 	 	 	 
51,057	95,502	 	 	 	 	 	 
51,1049	94,5946	 	 	 	 	 	 
51,0228	93,6275	 	 	 	 	 	 
50,8996	92,5811	 	 	 	 	 	 
50,7012	91,4496	 	 	 	 	 	 
50,5644	90,246	 	 	 	 	 	 
50,4071	89,0117	 	 	 	 	 	 
50,2976	87,761	 	 	 	 	 	 
50,2839	86,5296	 	 	 	 	 	 
50,4002	85,2844	 	 	 	 	 	 
50,5713	84,0167	 	 	 	 	 	 
50,8586	82,7745	 	 	 	 	 	 
51,2212	81,5973	 	 	 	 	 	 
51,6248	80,4908	 	 	 	 	 	 
52,09	79,4652	 	 	 	 	 	 
52,5484	78,5147	 	 	 	 	 	 
53,0136	77,6718	 	 	 	 	 	 
53,4994	76,9485	 	 	 	 	 	 
53,9235	76,3228	 	 	 	 	 	 
54,3545	75,7548	 	 	 	 	 	 
54,7924	75,2524	 	 	 	 	 	 
55,2028	74,8133	 	 	 	 	 	 
55,5449	74,5164	 	 	 	 	 	 
55,9691	74,3774	 	 	 	 	 	 
56,2975	74,3052	 	 	 	 	 	 
56,6737	74,2466	 	 	 	 	 	 
57,0295	74,185	 	 	 	 	 	 
57,3784	74,1238	 	 	 	 	 	 
57,7068	74,0781	 	 	 	 	 	 
58,0215	74,0251	 	 	 	 	 	 
58,3293	73,9481	 	 	 	 	 	 
58,6509	73,8485	 	 	 	 	 	 
58,9177	73,7557	 	 	 	 	 	 
59,2324	73,6614	 	 	 	 	 	 
59,5129	73,5424	 	 	 	 	 	 
59,8139	73,3474	 	 	 	 	 	 
60,0807	73,0706	 	 	 	 	 	 
60,3475	72,7533	 	 	 	 	 	 
60,6007	72,4393	 	 	 	 	 	 
60,8743	72,1241	 	 	 	 	 	 
61,1069	71,7821	 	 	 	 	 	 
61,3327	71,4028	 	 	 	 	 	 
61,5448	71,0013	 	 	 	 	 	 
61,7705	70,5722	 	 	 	 	 	 
61,9895	70,1306	 	 	 	 	 	 
62,1605	69,6781	 	 	 	 	 	 
62,3589	69,2193	 	 	 	 	 	 
62,5231	68,762	 	 	 	 	 	 
62,6736	68,317	 	 	 	 	 	 
62,8241	67,8784	 	 	 	 	 	 
62,9609	67,4539	 	 	 	 	 	 
63,043	67,03	 	 	 	 	 	 
63,1867	66,6296	 	 	 	 	 	 
63,2688	66,2593	 	 	 	 	 	 
63,3167	65,9167	 	 	 	 	 	 
63,3988	65,5997	 	 	 	 	 	 
63,4398	65,3347	 	 	 	 	 	 
63,4877	65,1059	 	 	 	 	 	 
63,5014	64,8896	 	 	 	 	 	 
63,4877	64,6764	 	 	 	 	 	 
63,5082	64,4729	 	 	 	 	 	 
63,4809	64,2653	 	 	 	 	 	 
63,4261	64,0602	 	 	 	 	 	 
63,3919	63,8611	 	 	 	 	 	 
63,3304	63,6636	 	 	 	 	 	 
63,2551	63,4473	 	 	 	 	 	 
63,1183	63,227	 	 	 	 	 	 
63,0294	63,0068	 	 	 	 	 	 
62,8994	62,7744	 	 	 	 	 	 
62,7694	62,5044	 	 	 	 	 	 
62,6462	62,2162	 	 	 	 	 	 
62,4547	61,9353	 	 	 	 	 	 
62,2973	61,6717	 	 	 	 	 	 
62,0852	61,4164	 	 	 	 	 	 
61,8732	61,1881	 	 	 	 	 	 
61,6269	60,9793	 	 	 	 	 	 
61,3874	60,7762	 	 	 	 	 	 
61,1206	60,5835	 	 	 	 	 	 
60,8606	60,4204	 	 	 	 	 	 
60,5665	60,2469	 	 	 	 	 	 
60,2654	60,0627	 	 	 	 	 	 
59,9234	59,9036	 	 	 	 	 	 
59,6155	59,7904	 	 	 	 	 	 
59,2256	59,7118	 	 	 	 	 	 
58,8493	59,641	 	 	 	 	 	 
58,4525	59,5848	 	 	 	 	 	 
58,0557	59,5574	 	 	 	 	 	 
57,6794	59,5561	 	 	 	 	 	 
57,2347	59,5903	 	 	 	 	 	 
56,8106	59,6704	 	 	 	 	 	 
56,3317	59,7895	 	 	 	 	 	 
55,8528	59,9365	 	 	 	 	 	 
55,4149	60,1787	 	 	 	 	 	 
54,9224	60,5153	 	 	 	 	 	 
54,4161	60,8856	 	 	 	 	 	 
53,9235	61,2779	 	 	 	 	 	 
53,4241	61,6943	 	 	 	 	 	 
52,9042	62,1437	 	 	 	 	 	 
52,3979	62,6028	 	 	 	 	 	 
51,8574	63,0631	 	 	 	 	 	 
51,358	63,5147	 	 	 	 	 	 
50,8107	63,9561	 	 	 	 	 	 
50,3113	64,3788	 	 	 	 	 	 
49,7845	64,786	 	 	 	 	 	 
49,2646	65,184	 	 	 	 	 	 
48,7378	65,5403	 	 	 	 	 	 
48,2452	65,853	 	 	 	 	 	 
47,6979	66,1548	 	 	 	 	 	 
47,2395	66,4545	 	 	 	 	 	 
46,7264	66,7553	 	 	 	 	 	 
46,2475	67,0682	 	 	 	 	 	 
45,7618	67,4049	 	 	 	 	 	 
45,3171	67,7689	 	 	 	 	 	 
44,8382	68,1634	 	 	 	 	 	 
44,4004	68,5747	 	 	 	 	 	 
43,9557	69,0061	 	 	 	 	 	 
43,4905	69,4636	 	 	 	 	 	 
42,991	69,9373	 	 	 	 	 	 
42,519	70,4208	 	 	 	 	 	 
41,9717	70,9125	 	 	 	 	 	 
41,397	71,4093	 	 	 	 	 	 
40,7471	71,8977	 	 	 	 	 	 
39,9945	72,3654	 	 	 	 	 	 
38,982	72,7962	 	 	 	 	 	 
37,8737	73,1913	 	 	 	 	 	 
36,6628	73,5427	 	 	 	 	 	 
35,4313	73,8515	 	 	 	 	 	 
34,1725	74,133	 	 	 	 	 	 
33,0848	74,387	 	 	 	 	 	 
31,9628	74,6028	 	 	 	 	 	 
30,9845	74,777	 	 	 	 	 	 
30,0609	74,9115	 	 	 	 	 	 
29,1852	75,0151	 	 	 	 	 	 
28,33	75,0892	 	 	 	 	 	 
27,5022	75,1445	 	 	 	 	 	 
26,6402	75,1946	 	 	 	 	 	 
25,8329	75,2437	 	 	 	 	 	 
25,0599	75,2842	 	 	 	 	 	 
24,2594	75,3133	 	 	 	 	 	 
23,5	75,324	 	 	 	 	 	 
22,7201	75,3148	 	 	 	 	 	 
21,9676	75,2932	 	 	 	 	 	 
21,2629	75,2687	 	 	 	 	 	 
20,5309	75,256	 	 	 	 	 	 
19,8673	75,2573	 	 	 	 	 	 
19,1831	75,2636	 	 	 	 	 	 
18,5058	75,2764	 	 	 	 	 	 
17,8696	75,2874	 	 	 	 	 	 
17,2744	75,2757	 	 	 	 	 	 
16,6655	75,2492	 	 	 	 	 	 
16,0703	75,2331	 	 	 	 	 	 
15,4751	75,2426	 	 	 	 	 	 
14,921	75,2794	 	 	 	 	 	 
14,36	75,3339	 	 	 	 	 	 
13,84	75,4089	 	 	 	 	 	 
13,2996	75,4986	 	 	 	 	 	 
12,8207	75,5952	 	 	 	 	 	 
12,3418	75,6987	 	 	 	 	 	 
11,8697	75,8057	 	 	 	 	 	 
11,3977	75,9098	 	 	 	 	 	 
10,953	76,0313	 	 	 	 	 	 
10,5083	76,2019	 	 	 	 	 	 
10,0705	76,4137	 	 	 	 	 	 
9,6531	76,6288	 	 	 	 	 	 
9,2769	76,8417	 	 	 	 	 	 
8,8869	77,0615	 	 	 	 	 	 
8,5243	77,3013	 	 	 	 	 	 
8,1412	77,5416	 	 	 	 	 	 
7,806	77,771	 	 	 	 	 	 
7,4639	77,9881	 	 	 	 	 	 
7,1492	78,1995	 	 	 	 	 	 
6,814	78,4193	 	 	 	 	 	 
6,513	78,6506	 	 	 	 	 	 
6,2188	78,8607	 	 	 	 	 	 
5,8904	79,0304	 	 	 	 	 	 
5,6441	79,1704	 	 	 	 	 	 
5,3705	79,3059	 	 	 	 	 	 
5,1036	79,4296	 	 	 	 	 	 
4,8437	79,5302	 	 	 	 	 	 
4,6179	79,5938	 	 	 	 	 	 
4,3853	79,6435	 	 	 	 	 	 
4,1595	79,7051	 	 	 	 	 	 
3,9475	79,7871	 	 	 	 	 	 
3,7285	79,8752	 	 	 	 	 	 
3,5096	79,9631	 	 	 	 	 	 
3,3386	80,053	 	 	 	 	 	 
3,147	80,1611	 	 	 	 	 	 
2,9691	80,2907	 	 	 	 	 	 
2,7707	80,4349	 	 	 	 	 	 
2,6202	80,5813	 	 	 	 	 	 
2,4424	80,7472	 	 	 	 	 	 
2,2987	80,9462	 	 	 	 	 	 
2,155	81,1709	 	 	 	 	 	 
2,025	81,3963	 	 	 	 	 	 
1,8677	81,6217	 	 	 	 	 	 
1,7582	81,8367	 	 	 	 	 	 
1,6146	82,0557	 	 	 	 	 	 
1,4846	82,2779	 	 	 	 	 	 
1,382	82,4886	 	 	 	 	 	 
1,2862	82,6878	 	 	 	 	 	 
1,1699	82,8886	 	 	 	 	 	 
1,0809	83,0912	 	 	 	 	 	 
0,9715	83,3028	 	 	 	 	 	 
0,8894	83,498	 	 	 	 	 	 
0,7936	83,6634	 	 	 	 	 	 
0,7183	83,8253	 	 	 	 	 	 
0,6499	83,9974	 	 	 	 	 	 
0,6157	84,1575	 	 	 	 	 	 
0,5336	84,3151	 	 	 	 	 	 
0,5063	84,4551	 	 	 	 	 	 
0,4173	84,572	 	 	 	 	 	 
0,3831	84,6918	 	 	 	 	 	 
0,3284	84,8162	 	 	 	 	 	 
0,2805	84,9209	 	 	 	 	 	 
0,2258	85,0117	 	 	 	 	 	 
0,2052	85,0858	 	 	 	 	 	 
0,1437	85,1569	 	 	 	 	 	 
0,1437	85,2398	 	 	 	 	 	 
0,1026	85,3265	 	 	 	 	 	 
0,0889	85,4189	 	 	 	 	 	 
0,0889	85,5295	 	 	 	 	 	 
0,0547	85,6498	 	 	 	 	 	 
0,041	85,797	 	 	 	 	 	 
0,041	85,9896	 	 	 	 	 	 
-0,0068	86,2222	 	 	 	 	 	 
-0,0068	86,4886	 	 	 	 	 	 
-0,041	86,793	 	 	 	 	 	 
-0,0342	87,1294	 	 	 	 	 	 
-0,041	87,5024	 	 	 	 	 	 
-0,041	87,9268	 	 	 	 	 	 
-0,0889	88,4033	 	 	 	 	 	 
-0,0616	88,9138	 	 	 	 	 	 
-0,0753	89,4463	 	 	 	 	 	 
-0,0547	89,9949	 	 	 	 	 	 
-0,0821	90,5574	 	 	 	 	 	 
-0,0684	91,1258	 	 	 	 	 	 
-0,1026	91,6843	 	 	 	 	 	 
-0,0889	92,2136	 	 	 	 	 	 
-0,0821	92,7196	 	 	 	 	 	 
-0,0821	93,2116	 	 	 	 	 	 
-0,1163	93,6857	 	 	 	 	 	 
-0,0753	94,1403	 	 	 	 	 	 
-0,0958	94,5468	 	 	 	 	 	 
-0,1163	94,888	 	 	 	 	 	 
-0,0821	95,1892	 	 	 	 	 	 
-0,1026	95,4689	 	 	 	 	 	 
-0,1095	95,7342	 	 	 	 	 	 
-0,1026	95,9946	 	 	 	 	 	 
-0,1231	96,243	 	 	 	 	 	 
-0,0958	96,4717	 	 	 	 	 	 
-0,1095	96,6944	 	 	 	 	 	 
-0,1095	96,9189	 	 	 	 	 	 
-0,13	97,1447	 	 	 	 	 	 
-0,0889	97,3809	 	 	 	 	 	 
-0,1368	97,6226	 	 	 	 	 	 
-0,1095	97,8858	 	 	 	 	 	 
-0,1163	98,176	 	 	 	 	 	 
-0,0958	98,4799	 	 	 	 	 	 
-0,13	98,7839	 	 	 	 	 	 
-0,1095	99,0949	 	 	 	 	 	 
-0,1163	99,4048	 	 	 	 	 	 
-0,1163	99,7185	 	 	 	 	 	 
-0,1163	100,0529	 	 	 	 	 	 
-0,1026	100,4148	 	 	 	 	 	 
-0,13	100,7904	 	 	 	 	 	 
-0,1231	101,1825	 	 	 	 	 	 
-0,1231	101,5835	 	 	 	 	 	 
-0,1026	102,002	 	 	 	 	 	 
-0,1368	102,4309	 	 	 	 	 	 
-0,0889	102,8496	 	 	 	 	 	 
-0,0889	103,2559	 	 	 	 	 	 
-0,0958	103,6608	 	 	 	 	 	 
-0,0889	104,0435	 	 	 	 	 	 
-0,1095	104,4119	 	 	 	 	 	 
-0,1163	104,7685	 	 	 	 	 	 
-0,1026	105,0912	 	 	 	 	 	 
-0,1026	105,3643	 	 	 	 	 	 
-0,0958	105,5918	 	 	 	 	 	 
-0,0889	105,762	 	 	 	 	 	 
-0,0889	105,8763	 	 	 	 	 	 
-0,0889	105,9217	 	 	 	 	 	 
-0,0753	105,9081	 	 	 	 	 	 
-0,0547	105,8812	 	 	 	 	 	 
-0,0753	105,8486	 	 	 	 	 	 
-0,0547	105,7968	 	 	 	 	 	 
-0,0479	105,7414	 	 	 	 	 	 
-0,0274	105,6721	 	 	 	 	 	 
-0,041	105,5929	 	 	 	 	 	 
0,0	105,5349	 	 	 	 	 	 
0,0	105,5137	 	 	 	 	 	 
0,0	105,5307	 	 	 	 	 	 
0,0274	105,5927	 	 	 	 	 	 
0,041	105,7014	 	 	 	 	 	 
0,0274	105,872	 	 	 	 	 	 
0,0479	106,0921	 	 	 	 	 	 
0,0753	106,3379	 	 	 	 	 	 
0,1095	106,6057	 	 	 	 	 	 
0,0958	106,9016	 	 	 	 	 	 
0,1231	107,2151	 	 	 	 	 	 
0,1505	107,5643	 	 	 	 	 	 
0,1642	107,9397	 	 	 	 	 	 
0,2121	108,3258	 	 	 	 	 	 
0,2394	108,7071	 	 	 	 	 	 
0,2326	109,0829	 	 	 	 	 	 
0,2668	109,4534	 	 	 	 	 	 
0,2737	109,8357	 	 	 	 	 	 
0,3079	110,2153	 	 	 	 	 	 
0,3079	110,5802	 	 	 	 	 	 
0,2873	110,9303	 	 	 	 	 	 
0,3079	111,2659	 	 	 	 	 	 
0,3215	111,5884	 	 	 	 	 	 
0,3558	111,9197	 	 	 	 	 	 
0,3558	112,2339	 	 	 	 	 	 
0,3694	112,5255	 	 	 	 	 	 
0,3421	112,7938	 	 	 	 	 	 
0,3763	113,0368	 	 	 	 	 	 
0,3626	113,2535	 	 	 	 	 	 
0,3694	113,4519	 	 	 	 	 	 
0,3968	113,5989	 	 	 	 	 	 
0,3968	113,6904	 	 	 	 	 	 
0,39	113,7639	 	 	 	 	 	 
0,4036	113,8204	 	 	 	 	 	 
0,4242	113,86	 	 	 	 	 	 
0,3968	113,8801	 	 	 	 	 	 
0,4378	113,8504	 	 	 	 	 	 
0,4447	113,7901	 	 	 	 	 	 
0,4515	113,717	 	 	 	 	 	 
0,431	113,6256	 	 	 	 	 	 
0,4378	113,5369	 	 	 	 	 	 
0,431	113,4668	 	 	 	 	 	 
0,4515	113,3988	 	 	 	 	 	 
0,4173	113,3489	 	 	 	 	 	 
0,4652	113,3418	 	 	 	 	 	 
0,4789	113,372	 	 	 	 	 	 
0,5063	113,4374	 	 	 	 	 	 
0,4926	113,5326	 	 	 	 	 	 
0,5131	113,6582	 	 	 	 	 	 
0,4994	113,8281	 	 	 	 	 	 
0,5199	114,0246	 	 	 	 	 	 
0,4789	114,2359	 	 	 	 	 	 
0,5405	114,4681	 	 	 	 	 	 
0,5336	114,6964	 	 	 	 	 	 
0,5473	114,8948	 	 	 	 	 	 
0,561	115,076	 	 	 	 	 	 
0,5815	115,2432	 	 	 	 	 	 
0,5542	115,3838	 	 	 	 	 	 
0,5542	115,4669	 	 	 	 	 	 
0,6089	115,4926	 	 	 	 	 	 
0,5952	115,4756	 	 	 	 	 	 
0,5884	115,4212	 	 	 	 	 	 
0,6362	115,3286	 	 	 	 	 	 
0,6362	115,2132	 	 	 	 	 	 
0,6841	115,0837	 	 	 	 	 	 
0,691	114,9475	 	 	 	 	 	 
0,7799	114,8318	 	 	 	 	 	 
0,8346	114,7481	 	 	 	 	 	 
0,9236	114,6809	 	 	 	 	 	 
1,0057	114,6185	 	 	 	 	 	 
1,1836	114,5437	 	 	 	 	 	 
1,3204	114,4713	 	 	 	 	 	 
1,5735	114,391	 	 	 	 	 	 
1,8335	114,2824	 	 	 	 	 	 
2,1413	114,1372	 	 	 	 	 	 
2,4697	113,9574	 	 	 	 	 	 
2,8392	113,7166	 	 	 	 	 	 
3,2428	113,4013	 	 	 	 	 	 
3,7354	113,0001	 	 	 	 	 	 
4,2758	112,4928	 	 	 	 	 	 
4,8847	111,8719	 	 	 	 	 	 
5,5962	111,1512	 	 	 	 	 	 
6,3351	110,3515	 	 	 	 	 	 
7,0945	109,5024	 	 	 	 	 	 
7,8539	108,6137	 	 	 	 	 	 
8,5791	107,7168	 	 	 	 	 	 
9,2632	106,8171	 	 	 	 	 	 
9,961	105,9151	 	 	 	 	 	 
10,7888	105,0111	 	 	 	 	 	 
11,8971	104,1512	 	 	 	 	 	 
13,3064	103,3279	 	 	 	 	 	 
14,9347	102,5456	 	 	 	 	 	 
16,7887	101,8123	 	 	 	 	 	 
18,7042	101,14	 	 	 	 	 	 
20,7293	100,5236	 	 	 	 	 	 
22,7201	99,9411	 	 	 	 	 	 
24,711	99,3593	 	 	 	 	 	 
26,6607	98,7671	 	 	 	 	 	 
28,6037	98,1381	 	 	 	 	 	 
30,5329	97,4888	 	 	 	 	 	 
32,5922	96,8254	 	 	 	 	 	 
34,6856	96,1469	 	 	 	 	 	 
36,868	95,4181	 	 	 	 	 	 
38,9957	94,6785	 	 	 	 	 	 
41,0276	93,9227	 	 	 	 	 	 
42,8542	93,1466	 	 	 	 	 	 
44,4072	92,3385	 	 	 	 	 	 
45,6181	91,5057	 	 	 	 	 	 
46,5827	90,6492	 	 	 	 	 	 
47,2395	89,8055	 	 	 	 	 	 
47,7047	88,9826	 	 	 	 	 	 
47,9442	88,1945	 	 	 	 	 	 
48,0673	87,4213	 	 	 	 	 	 
48,081	86,6598	 	 	 	 	 	 
48,0468	85,8983	 	 	 	 	 	 
47,9442	85,1572	 	 	 	 	 	 
47,821	84,4175	 	 	 	 	 	 
47,7253	83,694	 	 	 	 	 	 
47,7047	82,9841	 	 	 	 	 	 
47,6432	82,3025	 	 	 	 	 	 
47,7184	81,6283	 	 	 	 	 	 
47,8894	80,9791	 	 	 	 	 	 
48,1084	80,3395	 	 	 	 	 	 
48,4504	79,7034	 	 	 	 	 	 
48,8267	79,06	 	 	 	 	 	 
49,2509	78,4274	 	 	 	 	 	 
49,7298	77,8088	 	 	 	 	 	 
50,1881	77,227	 	 	 	 	 	 
50,7149	76,676	 	 	 	 	 	 
51,1938	76,1501	 	 	 	 	 	 
51,6932	75,6364	 	 	 	 	 	 
52,1858	75,1445	 	 	 	 	 	 
52,6715	74,6684	 	 	 	 	 	 
53,1162	74,2389	 	 	 	 	 	 
53,5472	73,8381	 	 	 	 	 	 
53,9782	73,464	 	 	 	 	 	 
54,3819	73,1029	 	 	 	 	 	 
54,7582	72,7656	 	 	 	 	 	 
55,1208	72,4453	 	 	 	 	 	 
55,5107	72,1386	 	 	 	 	 	 
55,8665	71,8291	 	 	 	 	 	 
56,2154	71,5134	 	 	 	 	 	 
56,5438	71,1836	 	 	 	 	 	 
56,8995	70,8477	 	 	 	 	 	 
57,2142	70,5074	 	 	 	 	 	 
57,5494	70,1595	 	 	 	 	 	 
57,8847	69,7975	 	 	 	 	 	 
58,1925	69,4426	 	 	 	 	 	 
58,4388	69,0912	 	 	 	 	 	 
58,7877	68,7737	 	 	 	 	 	 
59,0408	68,4757	 	 	 	 	 	 
59,2734	68,1914	 	 	 	 	 	 
59,5608	67,9225	 	 	 	 	 	 
59,7865	67,6799	 	 	 	 	 	 
60,0123	67,4548	 	 	 	 	 	 
60,2381	67,266	 	 	 	 	 	 
60,4296	67,1098	 	 	 	 	 	 
60,6554	66,9722	 	 	 	 	 	 
60,8059	66,8524	 	 	 	 	 	 
60,9633	66,7328	 	 	 	 	 	 
61,1138	66,5869	 	 	 	 	 	 
61,2369	66,4216	 	 	 	 	 	 
61,3532	66,2145	 	 	 	 	 	 
61,4627	65,9804	 	 	 	 	 	 
61,5516	65,7162	 	 	 	 	 	 
61,62	65,4205	 	 	 	 	 	 
61,6816	65,0917	 	 	 	 	 	 
61,7295	64,748	 	 	 	 	 	 
61,75	64,3818	 	 	 	 	 	 
61,7637	63,9909	 	 	 	 	 	 
61,7705	63,5795	 	 	 	 	 	 
61,7705	63,1536	 	 	 	 	 	 
61,7227	62,7228	 	 	 	 	 	 
61,6953	62,3133	 	 	 	 	 	 
61,6269	61,9215	 	 	 	 	 	 
61,5721	61,5598	 	 	 	 	 	 
61,49	61,2223	 	 	 	 	 	 
61,3669	60,9264	 	 	 	 	 	 
61,2438	60,6757	 	 	 	 	 	 
61,1069	60,4593	 	 	 	 	 	 
60,9701	60,2673	 	 	 	 	 	 
60,8128	60,0986	 	 	 	 	 	 
60,6075	59,959	 	 	 	 	 	 
60,4228	59,8554	 	 	 	 	 	 
60,2107	59,7878	 	 	 	 	 	 
59,9713	59,7551	 	 	 	 	 	 
59,7045	59,7473	 	 	 	 	 	 
59,4855	59,773	 	 	 	 	 	 
59,164	59,8295	 	 	 	 	 	 
58,8767	59,9165	 	 	 	 	 	 
58,5619	60,0166	 	 	 	 	 	 
58,213	60,1179	 	 	 	 	 	 
57,8573	60,2279	 	 	 	 	 	 
57,4947	60,3494	 	 	 	 	 	 
57,0911	60,4803	 	 	 	 	 	 
56,7148	60,6186	 	 	 	 	 	 
56,2633	60,7603	 	 	 	 	 	 
55,887	60,9034	 	 	 	 	 	 
55,3944	61,0498	 	 	 	 	 	 
54,9702	61,1898	 	 	 	 	 	 
54,4708	61,3096	 	 	 	 	 	 
54,0056	61,4077	 	 	 	 	 	 
53,513	61,4887	 	 	 	 	 	 
52,9862	61,5632	 	 	 	 	 	 
52,48	61,6444	 	 	 	 	 	 
51,9669	61,7372	 	 	 	 	 	 
51,4127	61,8404	 	 	 	 	 	 
50,8449	61,9568	 	 	 	 	 	 
50,2839	62,0804	 	 	 	 	 	 
49,7503	62,2147	 	 	 	 	 	 
49,1893	62,3572	 	 	 	 	 	 
48,6625	62,5072	 	 	 	 	 	 
48,04	62,6812	 	 	 	 	 	 
47,5063	62,8965	 	 	 	 	 	 
46,9317	63,1506	 	 	 	 	 	 
46,398	63,4444	 	 	 	 	 	 
45,8302	63,7715	 	 	 	 	 	 
45,2897	64,1398	 	 	 	 	 	 
44,7287	64,5428	 	 	 	 	 	 
44,2156	64,9829	 	 	 	 	 	 
43,6957	65,4574	 	 	 	 	 	 
43,1894	65,9774	 	 	 	 	 	 
42,6832	66,5325	 	 	 	 	 	 
42,1838	67,133	 	 	 	 	 	 
41,7322	67,7762	 	 	 	 	 	 
41,2533	68,4461	 	 	 	 	 	 
40,8155	69,1231	 	 	 	 	 	 
40,364	69,7999	 	 	 	 	 	 
39,8851	70,4649	 	 	 	 	 	 
39,4404	71,1179	 	 	 	 	 	 
38,941	71,7337	 	 	 	 	 	 
38,3937	72,3108	 	 	 	 	 	 
37,8532	72,8417	 	 	 	 	 	 
37,2033	73,3272	 	 	 	 	 	 
36,4302	73,7514	 	 	 	 	 	 
35,4519	74,1189	 	 	 	 	 	 
34,3915	74,4112	 	 	 	 	 	 
33,2626	74,617	 	 	 	 	 	 
32,127	74,75	 	 	 	 	 	 
30,9776	74,825	 	 	 	 	 	 
29,9241	74,8569	 	 	 	 	 	 
28,9457	74,8458	 	 	 	 	 	 
28,0085	74,7929	 	 	 	 	 	 
27,1465	74,7218	 	 	 	 	 	 
26,3324	74,6357	 	 	 	 	 	 
25,5388	74,5406	 	 	 	 	 	 
24,7725	74,4373	 	 	 	 	 	 
24,0063	74,3311	 	 	 	 	 	 
23,2674	74,2241	 	 	 	 	 	 
22,5491	74,1368	 	 	 	 	 	 
21,7829	74,0936	 	 	 	 	 	 
21,0919	74,0945	 	 	 	 	 	 
20,3941	74,1295	 	 	 	 	 	 
19,7305	74,1909	 	 	 	 	 	 
19,0395	74,2912	 	 	 	 	 	 
18,3895	74,4303	 	 	 	 	 	 
17,7875	74,5865	 	 	 	 	 	 
17,1786	74,7587	 	 	 	 	 	 
16,5834	74,944	 	 	 	 	 	 
15,9951	75,1424	 	 	 	 	 	 
15,4136	75,3601	 	 	 	 	 	 
14,8457	75,5946	 	 	 	 	 	 
14,3326	75,8255	 	 	 	 	 	 
13,799	76,0405	 	 	 	 	 	 
13,3269	76,2261	 	 	 	 	 	 
12,7933	76,3922	 	 	 	 	 	 
12,3144	76,5398	 	 	 	 	 	 
11,8424	76,6677	 	 	 	 	 	 
11,3772	76,7788	 	 	 	 	 	 
10,9462	76,8761	 	 	 	 	 	 
10,5357	76,9606	 	 	 	 	 	 
10,0773	77,0324	 	 	 	 	 	 
9,701	77,0934	 	 	 	 	 	 
9,3042	77,1395	 	 	 	 	 	 
8,9074	77,1743	 	 	 	 	 	 
8,538	77,2075	 	 	 	 	 	 
8,2096	77,2397	 	 	 	 	 	 
7,847	77,2718	 	 	 	 	 	 
7,5255	77,2928	 	 	 	 	 	 
7,1766	77,312	 	 	 	 	 	 
6,8687	77,3232	 	 	 	 	 	 
6,5472	77,333	 	 	 	 	 	 
6,253	77,3574	 	 	 	 	 	 
5,9793	77,3959	 	 	 	 	 	 
5,7194	77,4511	 	 	 	 	 	 
5,4115	77,5246	 	 	 	 	 	 
5,1447	77,6198	 	 	 	 	 	 
4,9052	77,7387	 	 	 	 	 	 
4,6726	77,8793	 	 	 	 	 	 
4,4332	78,0329	 	 	 	 	 	 
4,2143	78,2167	 	 	 	 	 	 
3,968	78,4435	 	 	 	 	 	 
3,7764	78,6937	 	 	 	 	 	 
3,5849	78,9665	 	 	 	 	 	 
3,3728	79,2443	 	 	 	 	 	 
3,1881	79,5179	 	 	 	 	 	 
3,0239	79,787	 	 	 	 	 	 
2,8255	80,049	 	 	 	 	 	 
2,6476	80,2884	 	 	 	 	 	 
2,4697	80,491	 	 	 	 	 	 
2,3055	80,6576	 	 	 	 	 	 
2,1755	80,8026	 	 	 	 	 	 
2,0319	80,9468	 	 	 	 	 	 
1,8882	81,0771	 	 	 	 	 	 
1,7856	81,169	 	 	 	 	 	 
1,6009	81,2236	 	 	 	 	 	 
1,5188	81,244	 	 	 	 	 	 
1,3956	81,2381	 	 	 	 	 	 
1,2725	81,2087	 	 	 	 	 	 
1,1425	81,1565	 	 	 	 	 	 
1,0946	81,082	 	 	 	 	 	 
0,9578	81,0068	 	 	 	 	 	 
0,9167	80,9638	 	 	 	 	 	 
0,7594	80,9462	 	 	 	 	 	 
0,7457	80,9299	 	 	 	 	 	 
0,6362	80,8967	 	 	 	 	 	 
0,5884	80,8511	 	 	 	 	 	 
0,4857	80,8237	 	 	 	 	 	 
0,4652	80,8277	 	 	 	 	 	 
0,3694	80,8606	 	 	 	 	 	 
0,3352	80,9333	 	 	 	 	 	 
0,2805	81,0469	 	 	 	 	 	 
0,2189	81,2005	 	 	 	 	 	 
0,1916	81,3948	 	 	 	 	 	 
0,13	81,6257	 	 	 	 	 	 
0,1095	81,8622	 	 	 	 	 	 
0,0753	82,1009	 	 	 	 	 	 
0,0274	82,3581	 	 	 	 	 	 
0,0616	82,6574	 	 	 	 	 	 
0,0	82,9948	 	 	 	 	 	 
0,0	83,3457	 	 	 	 	 	 
-0,0479	83,7064	 	 	 	 	 	 
-0,041	84,0853	 	 	 	 	 	 
-0,0821	84,463	 	 	 	 	 	 
-0,0821	84,8286	 	 	 	 	 	 
-0,13	85,1824	 	 	 	 	 	 
-0,1026	85,5219	 	 	 	 	 	 
-0,1437	85,8367	 	 	 	 	 	 
-0,1368	86,14	 	 	 	 	 	 
-0,1437	86,437	 	 	 	 	 	 
-0,1437	86,7333	 	 	 	 	 	 
-0,1574	86,9997	 	 	 	 	 	 
-0,1642	87,2272	 	 	 	 	 	 
-0,1984	87,4355	 	 	 	 	 	 
-0,171	87,6252	 	 	 	 	 	 
-0,1847	87,7845	 	 	 	 	 	 
-0,171	87,9269	 	 	 	 	 	 
-0,2052	88,0656	 	 	 	 	 	 
-0,2189	88,2132	 	 	 	 	 	 
-0,2189	88,3751	 	 	 	 	 	 
-0,2121	88,5728	 	 	 	 	 	 
-0,2258	88,7999	 	 	 	 	 	 
-0,2189	89,0503	 	 	 	 	 	 
-0,2189	89,3025	 	 	 	 	 	 
-0,2121	89,5714	 	 	 	 	 	 
-0,2326	89,8736	 	 	 	 	 	 
-0,2258	90,2089	 	 	 	 	 	 
-0,1916	90,577	 	 	 	 	 	 
-0,2394	90,9956	 	 	 	 	 	 
-0,2326	91,457	 	 	 	 	 	 
-0,2463	91,9434	 	 	 	 	 	 
-0,2258	92,4292	 	 	 	 	 	 
-0,2189	92,9284	 	 	 	 	 	 
-0,26	93,4117	 	 	 	 	 	 
-0,2326	93,8648	 	 	 	 	 	 
-0,2531	94,2991	 	 	 	 	 	 
-0,2531	94,7414	 	 	 	 	 	 
-0,2531	95,1841	 	 	 	 	 	 
-0,2394	95,6197	 	 	 	 	 	 
-0,2463	96,0339	 	 	 	 	 	 
-0,2463	96,4161	 	 	 	 	 	 
-0,2394	96,7426	 	 	 	 	 	 
-0,2531	97,0289	 	 	 	 	 	 
-0,2189	97,3017	 	 	 	 	 	 
-0,2463	97,5621	 	 	 	 	 	 
-0,2258	97,7726	 	 	 	 	 	 
-0,2463	97,9493	 	 	 	 	 	 
-0,2531	98,1243	 	 	 	 	 	 
-0,26	98,3013	 	 	 	 	 	 
-0,2394	98,4521	 	 	 	 	 	 
-0,2463	98,5725	 	 	 	 	 	 
-0,2258	98,6641	 	 	 	 	 	 
-0,2394	98,7404	 	 	 	 	 	 
-0,2189	98,8191	 	 	 	 	 	 
-0,2326	98,9109	 	 	 	 	 	 
-0,2326	98,9897	 	 	 	 	 	 
-0,2326	99,0488	 	 	 	 	 	 
-0,2121	99,1146	 	 	 	 	 	 
-0,2052	99,2147	 	 	 	 	 	 
-0,1779	99,3419	 	 	 	 	 	 
-0,2121	99,4728	 	 	 	 	 	 
-0,1847	99,5913	 	 	 	 	 	 
-0,2052	99,7172	 	 	 	 	 	 
-0,1574	99,8668	 	 	 	 	 	 
-0,1642	100,0629	 	 	 	 	 	 
-0,13	100,2921	 	 	 	 	 	 
-0,1437	100,538	 	 	 	 	 	 
-0,13	100,8004	 	 	 	 	 	 
-0,1095	101,1082	 	 	 	 	 	 
-0,0889	101,4474	 	 	 	 	 	 
-0,0821	101,7949	 	 	 	 	 	 
-0,041	102,1367	 	 	 	 	 	 
-0,0479	102,4755	 	 	 	 	 	 
-0,0274	102,8281	 	 	 	 	 	 
-0,0342	103,2026	 	 	 	 	 	 
0,0	103,5862	 	 	 	 	 	 
0,0274	103,9768	 	 	 	 	 	 
0,0684	104,3282	 	 	 	 	 	 
0,0547	104,6464	 	 	 	 	 	 
0,0616	104,9455	 	 	 	 	 	 
0,1026	105,221	 	 	 	 	 	 
0,1026	105,441	 	 	 	 	 	 
0,1095	105,6056	 	 	 	 	 	 
0,1231	105,7312	 	 	 	 	 	 
0,1095	105,8234	 	 	 	 	 	 
0,1437	105,8858	 	 	 	 	 	 
0,1437	105,9102	 	 	 	 	 	 
0,1642	105,8962	 	 	 	 	 	 
0,1779	105,8472	 	 	 	 	 	 
0,1847	105,7556	 	 	 	 	 	 
0,171	105,6486	 	 	 	 	 	 
0,2052	105,5304	 	 	 	 	 	 
0,2121	105,4007	 	 	 	 	 	 
0,2258	105,2792	 	 	 	 	 	 
0,2121	105,1942	 	 	 	 	 	 
0,2394	105,1574	 	 	 	 	 	 
0,2189	105,1613	 	 	 	 	 	 
0,2394	105,208	 	 	 	 	 	 
0,2463	105,2961	 	 	 	 	 	 
0,2668	105,4302	 	 	 	 	 	 
0,26	105,6129	 	 	 	 	 	 
0,2805	105,8482	 	 	 	 	 	 
0,2805	106,135	 	 	 	 	 	 
0,2805	106,4642	 	 	 	 	 	 
0,2668	106,8285	 	 	 	 	 	 
0,2873	107,2181	 	 	 	 	 	 
0,3079	107,6102	 	 	 	 	 	 
0,301	107,9739	 	 	 	 	 	 
0,3079	108,2999	 	 	 	 	 	 
0,3352	108,5982	 	 	 	 	 	 
0,3489	108,8722	 	 	 	 	 	 
0,3694	109,0982	 	 	 	 	 	 
0,3421	109,256	 	 	 	 	 	 
0,3626	109,3351	 	 	 	 	 	 
0,3558	109,3327	 	 	 	 	 	 
0,3352	109,2565	 	 	 	 	 	 
0,3831	109,1141	 	 	 	 	 	 
0,3831	108,9206	 	 	 	 	 	 
0,3831	108,685	 	 	 	 	 	 
0,4105	108,4079	 	 	 	 	 	 
0,431	108,1185	 	 	 	 	 	 
0,4105	107,8267	 	 	 	 	 	 
0,4036	107,5125	 	 	 	 	 	 
0,4173	107,159	 	 	 	 	 	 
0,4242	106,8113	 	 	 	 	 	 
0,4926	106,5059	 	 	 	 	 	 
0,4857	106,2597	 	 	 	 	 	 
0,5131	106,047	 	 	 	 	 	 
0,5336	105,852	 	 	 	 	 	 
0,602	105,7034	 	 	 	 	 	 
0,6294	105,5853	 	 	 	 	 	 
0,7183	105,4871	 	 	 	 	 	 
0,7936	105,4238	 	 	 	 	 	 
0,9578	105,3716	 	 	 	 	 	 
1,1357	105,3216	 	 	 	 	 	 
1,3204	105,2764	 	 	 	 	 	 
1,5667	105,2543	 	 	 	 	 	 
1,8403	105,222	 	 	 	 	 	 
2,1413	105,1447	 	 	 	 	 	 
2,4766	105,0117	 	 	 	 	 	 
2,846	104,88	 	 	 	 	 	 
3,2633	104,7379	 	 	 	 	 	 
3,7696	104,5172	 	 	 	 	 	 
4,3237	104,2116	 	 	 	 	 	 
4,9668	103,8264	 	 	 	 	 	 
5,7057	103,3349	 	 	 	 	 	 
6,4172	102,7665	 	 	 	 	 	 
7,1561	102,1356	 	 	 	 	 	 
7,847	101,4569	 	 	 	 	 	 
8,5175	100,7126	 	 	 	 	 	 
9,1606	99,9263	 	 	 	 	 	 
9,8652	99,1017	 	 	 	 	 	 
10,6725	98,2378	 	 	 	 	 	 
11,6577	97,3042	 	 	 	 	 	 
12,9507	96,353	 	 	 	 	 	 
14,4421	95,4181	 	 	 	 	 	 
16,1114	94,5143	 	 	 	 	 	 
17,9107	93,644	 	 	 	 	 	 
19,8262	92,8456	 	 	 	 	 	 
21,8102	92,0883	 	 	 	 	 	 
23,7463	91,3519	 	 	 	 	 	 
25,614	90,6207	 	 	 	 	 	 
27,4817	89,9191	 	 	 	 	 	 
29,2878	89,2362	 	 	 	 	 	 
31,135	88,5939	 	 	 	 	 	 
33,0779	87,9912	 	 	 	 	 	 
35,0345	87,4281	 	 	 	 	 	 
36,9706	86,8694	 	 	 	 	 	 
38,8178	86,3242	 	 	 	 	 	 
40,4939	85,7774	 	 	 	 	 	 
41,9101	85,2251	 	 	 	 	 	 
43,0937	84,6622	 	 	 	 	 	 
44,0172	84,1238	 	 	 	 	 	 
44,6809	83,6084	 	 	 	 	 	 
45,1666	83,1309	 	 	 	 	 	 
45,4608	82,6623	 	 	 	 	 	 
45,6044	82,2003	 	 	 	 	 	 
45,6797	81,7328	 	 	 	 	 	 
45,7344	81,2697	 	 	 	 	 	 
45,6728	80,7948	 	 	 	 	 	 
45,6523	80,3179	 	 	 	 	 	 
45,5976	79,8331	 	 	 	 	 	 
45,6044	79,3626	 	 	 	 	 	 
45,6044	78,897	 	 	 	 	 	 
45,7344	78,4078	 	 	 	 	 	 
45,8781	77,8757	 	 	 	 	 	 
46,1312	77,3234	 	 	 	 	 	 
46,4186	76,7399	 	 	 	 	 	 
46,7948	76,1596	 	 	 	 	 	 
47,219	75,5808	 	 	 	 	 	 
47,6774	75,0024	 	 	 	 	 	 
48,1563	74,4308	 	 	 	 	 	 
48,6694	73,8989	 	 	 	 	 	 
49,1756	73,3852	 	 	 	 	 	 
49,7092	72,8892	 	 	 	 	 	 
50,1813	72,4056	 	 	 	 	 	 
50,6807	71,9508	 	 	 	 	 	 
51,1391	71,5022	 	 	 	 	 	 
51,5975	71,0663	 	 	 	 	 	 
52,0558	70,6606	 	 	 	 	 	 
52,48	70,2935	 	 	 	 	 	 
52,8699	69,9445	 	 	 	 	 	 
53,2804	69,6165	 	 	 	 	 	 
53,6635	69,3052	 	 	 	 	 	 
54,0809	68,9867	 	 	 	 	 	 
54,4092	68,6467	 	 	 	 	 	 
54,7855	68,3246	 	 	 	 	 	 
55,1002	68,0204	 	 	 	 	 	 
55,4491	67,7235	 	 	 	 	 	 
55,7775	67,4376	 	 	 	 	 	 
56,1059	67,2349	 	 	 	 	 	 
56,4001	67,1001	 	 	 	 	 	 
56,7148	66,9677	 	 	 	 	 	 
56,9816	66,8258	 	 	 	 	 	 
57,2895	66,6782	 	 	 	 	 	 
57,5289	66,5276	 	 	 	 	 	 
57,7752	66,3776	 	 	 	 	 	 
57,9873	66,2325	 	 	 	 	 	 
58,2404	66,09	 	 	 	 	 	 
58,4251	65,9279	 	 	 	 	 	 
58,6235	65,7389	 	 	 	 	 	 
58,7603	65,5229	 	 	 	 	 	 
58,9245	65,2654	 	 	 	 	 	 
59,0477	64,9296	 	 	 	 	 	 
59,1982	64,5264	 	 	 	 	 	 
59,2871	64,099	 	 	 	 	 	 
59,4103	63,6564	 	 	 	 	 	 
59,4718	63,1961	 	 	 	 	 	 
59,5745	62,723	 	 	 	 	 	 
59,6087	62,2497	 	 	 	 	 	 
59,6566	61,7922	 	 	 	 	 	 
59,6771	61,3497	 	 	 	 	 	 
59,6908	60,9219	 	 	 	 	 	 
59,6771	60,5238	 	 	 	 	 	 
59,6566	60,1596	 	 	 	 	 	 
59,6429	59,8396	 	 	 	 	 	 
59,6018	59,5631	 	 	 	 	 	 
59,5197	59,329	 	 	 	 	 	 
59,4855	59,1308	 	 	 	 	 	 
59,3624	58,9728	 	 	 	 	 	 
59,2803	58,8657	 	 	 	 	 	 
59,1298	58,7975	 	 	 	 	 	 
59,0066	58,7499	 	 	 	 	 	 
58,8424	58,7122	 	 	 	 	 	 
58,6988	58,6845	 	 	 	 	 	 
58,4867	58,668	 	 	 	 	 	 
58,2883	58,6541	 	 	 	 	 	 
58,0694	58,6476	 	 	 	 	 	 
57,8436	58,6499	 	 	 	 	 	 
57,57	58,668	 	 	 	 	 	 
57,3237	58,6971	 	 	 	 	 	 
57,009	58,7345	 	 	 	 	 	 
56,7148	58,7776	 	 	 	 	 	 
56,4001	58,8122	 	 	 	 	 	 
56,0307	58,837	 	 	 	 	 	 
55,6612	58,8621	 	 	 	 	 	 
55,2986	58,8944	 	 	 	 	 	 
54,9155	58,9362	 	 	 	 	 	 
54,4982	58,9866	 	 	 	 	 	 
54,0398	59,0465	 	 	 	 	 	 
53,6225	59,1045	 	 	 	 	 	 
53,1778	59,1499	 	 	 	 	 	 
52,74	59,1877	 	 	 	 	 	 
52,2269	59,2294	 	 	 	 	 	 
51,7343	59,2789	 	 	 	 	 	 
51,228	59,3288	 	 	 	 	 	 
50,7218	59,3902	 	 	 	 	 	 
50,1881	59,4732	 	 	 	 	 	 
49,6614	59,5811	 	 	 	 	 	 
49,1346	59,7052	 	 	 	 	 	 
48,5873	59,8613	 	 	 	 	 	 
47,9989	60,0519	 	 	 	 	 	 
47,4653	60,2708	 	 	 	 	 	 
46,8906	60,5294	 	 	 	 	 	 
46,3091	60,845	 	 	 	 	 	 
45,7481	61,1947	 	 	 	 	 	 
45,1666	61,5753	 	 	 	 	 	 
44,5782	61,9849	 	 	 	 	 	 
44,0104	62,4297	 	 	 	 	 	 
43,4562	62,8978	 	 	 	 	 	 
42,8953	63,3927	 	 	 	 	 	 
42,3274	63,9036	 	 	 	 	 	 
41,7801	64,4495	 	 	 	 	 	 
41,2739	64,9973	 	 	 	 	 	 
40,7471	65,5464	 	 	 	 	 	 
40,2819	66,1096	 	 	 	 	 	 
39,7414	66,6818	 	 	 	 	 	 
39,2762	67,2422	 	 	 	 	 	 
38,811	67,8002	 	 	 	 	 	 
38,3458	68,3467	 	 	 	 	 	 
37,9011	68,8869	 	 	 	 	 	 
37,4701	69,4173	 	 	 	 	 	 
36,998	69,9367	 	 	 	 	 	 
36,5602	70,4284	 	 	 	 	 	 
36,095	70,8959	 	 	 	 	 	 
35,5819	71,3085	 	 	 	 	 	 
35,0551	71,6774	 	 	 	 	 	 
34,4051	71,9965	 	 	 	 	 	 
33,68	72,2522	 	 	 	 	 	 
32,8043	72,4466	 	 	 	 	 	 
31,7712	72,5995	 	 	 	 	 	 
30,745	72,7155	 	 	 	 	 	 
29,6367	72,8058	 	 	 	 	 	 
28,6105	72,8599	 	 	 	 	 	 
27,6117	72,8786	 	 	 	 	 	 
26,6471	72,8752	 	 	 	 	 	 
25,7645	72,8589	 	 	 	 	 	 
24,9572	72,8304	 	 	 	 	 	 
24,1842	72,8113	 	 	 	 	 	 
23,4385	72,8111	 	 	 	 	 	 
22,7133	72,8459	 	 	 	 	 	 
22,0291	72,9313	 	 	 	 	 	 
21,2971	73,0594	 	 	 	 	 	 
20,6472	73,2091	 	 	 	 	 	 
19,9562	73,3818	 	 	 	 	 	 
19,3063	73,5652	 	 	 	 	 	 
18,6495	73,7544	 	 	 	 	 	 
18,0133	73,9492	 	 	 	 	 	 
17,3976	74,1421	 	 	 	 	 	 
16,7955	74,3296	 	 	 	 	 	 
16,2003	74,5002	 	 	 	 	 	 
15,6462	74,6466	 	 	 	 	 	 
15,0715	74,7791	 	 	 	 	 	 
14,5584	74,8747	 	 	 	 	 	 
14,0248	74,9229	 	 	 	 	 	 
13,5185	74,934	 	 	 	 	 	 
13,0191	74,9151	 	 	 	 	 	 
12,5334	74,8607	 	 	 	 	 	 
12,0613	74,7819	 	 	 	 	 	 
11,5961	74,6995	 	 	 	 	 	 
11,1514	74,6132	 	 	 	 	 	 
10,7272	74,5276	 	 	 	 	 	 
10,2689	74,4518	 	 	 	 	 	 
9,8789	74,4123	 	 	 	 	 	 
9,4821	74,4087	 	 	 	 	 	 
9,1264	74,415	 	 	 	 	 	 
8,7227	74,4446	 	 	 	 	 	 
8,3738	74,5025	 	 	 	 	 	 
8,0249	74,5854	 	 	 	 	 	 
7,676	74,7012	 	 	 	 	 	 
7,3408	74,8499	 	 	 	 	 	 
7,0261	75,0217	 	 	 	 	 	 
6,7045	75,2054	 	 	 	 	 	 
6,383	75,4123	 	 	 	 	 	 
6,1025	75,6403	 	 	 	 	 	 
5,863	75,8918	 	 	 	 	 	 
5,5689	76,1558	 	 	 	 	 	 
5,302	76,4243	 	 	 	 	 	 
5,0489	76,7025	 	 	 	 	 	 
4,7821	76,9915	 	 	 	 	 	 
4,5563	77,2931	 	 	 	 	 	 
4,3374	77,5898	 	 	 	 	 	 
4,098	77,8693	 	 	 	 	 	 
3,8654	78,1412	 	 	 	 	 	 
3,667	78,4159	 	 	 	 	 	 
3,4822	78,6955	 	 	 	 	 	 
3,2633	78,9601	 	 	 	 	 	 
3,0786	79,1951	 	 	 	 	 	 
2,8939	79,3788	 	 	 	 	 	 
2,7297	79,5014	 	 	 	 	 	 
2,5587	79,5804	 	 	 	 	 	 
2,3808	79,626	 	 	 	 	 	 
2,2234	79,6271	 	 	 	 	 	 
2,0935	79,5844	 	 	 	 	 	 
1,9703	79,533	 	 	 	 	 	 
1,8198	79,4888	 	 	 	 	 	 
1,6488	79,4368	 	 	 	 	 	 
1,5325	79,3586	 	 	 	 	 	 
1,4298	79,2507	 	 	 	 	 	 
1,3135	79,1281	 	 	 	 	 	 
1,1767	79,0132	 	 	 	 	 	 
1,1083	78,9329	 	 	 	 	 	 
0,9715	78,8943	 	 	 	 	 	 
0,8962	78,8845	 	 	 	 	 	 
0,7936	78,8994	 	 	 	 	 	 
0,7183	78,9527	 	 	 	 	 	 
0,6431	79,0315	 	 	 	 	 	 
0,5542	79,1201	 	 	 	 	 	 
0,4926	79,2123	 	 	 	 	 	 
0,431	79,321	 	 	 	 	 	 
0,3626	79,4705	 	 	 	 	 	 
0,2873	79,6543	 	 	 	 	 	 
0,2189	79,8614	 	 	 	 	 	 
0,1505	80,088	 	 	 	 	 	 
0,1163	80,3113	 	 	 	 	 	 
0,0753	80,5418	 	 	 	 	 	 
0,0479	80,7903	 	 	 	 	 	 
0,0068	81,0535	 	 	 	 	 	 
-0,0205	81,3175	 	 	 	 	 	 
-0,041	81,5854	 	 	 	 	 	 
-0,0889	81,8473	 	 	 	 	 	 
-0,1231	82,1111	 	 	 	 	 	 
-0,1095	82,3662	 	 	 	 	 	 
-0,1437	82,5952	 	 	 	 	 	 
-0,1779	82,8157	 	 	 	 	 	 
-0,1916	83,046	 	 	 	 	 	 
-0,1916	83,2766	 	 	 	 	 	 
-0,1916	83,5156	 	 	 	 	 	 
-0,2463	83,7384	 	 	 	 	 	 
-0,2394	83,9513	 	 	 	 	 	 
-0,2463	84,163	 	 	 	 	 	 
-0,2394	84,3746	 	 	 	 	 	 
-0,2394	84,596	 	 	 	 	 	 
-0,2463	84,8334	 	 	 	 	 	 
-0,2873	85,0669	 	 	 	 	 	 
-0,2873	85,3001	 	 	 	 	 	 
-0,301	85,5444	 	 	 	 	 	 
-0,3215	85,797	 	 	 	 	 	 
-0,301	86,0346	 	 	 	 	 	 
-0,2942	86,2653	 	 	 	 	 	 
-0,2805	86,4918	 	 	 	 	 	 
-0,2873	86,7365	 	 	 	 	 	 
-0,301	86,9757	 	 	 	 	 	 
-0,2873	87,2112	 	 	 	 	 	 
-0,3215	87,4553	 	 	 	 	 	 
-0,3147	87,7036	 	 	 	 	 	 
-0,3284	87,957	 	 	 	 	 	 
-0,3147	88,2455	 	 	 	 	 	 
-0,3284	88,5717	 	 	 	 	 	 
-0,3421	88,9222	 	 	 	 	 	 
-0,3557	89,2851	 	 	 	 	 	 
-0,3421	89,6852	 	 	 	 	 	 
-0,3557	90,1128	 	 	 	 	 	 
-0,3557	90,5723	 	 	 	 	 	 
