	SW (mmHg*킠)	CO (킠/min)	SV (킠)	Vmax (킠)	Vmin (킠)	Ves (킠)	Ved (킠)	Pmax (mmHg)	Pmin (mmHg)	Pmean (mmHg)	Pdev (mmHg)	Pes (mmHg)	Ped (mmHg)	HR (bpm)	EF (%)	Ea (mmHg/킠)	PowMax (mmHg*킠/s)	dP/dt max (mmHg/s)	dP/dt min (mmHg/s)	dV/dt max (킠/s)	dV/dt min (킠/s)	P@dV/dt max (mmHg)	P@dP/dt max (mmHg)	V@dP/dt max (킠)	V@dP/dt min (킠)	PVA (mmHg*킠)	PE (mmHg*킠)	CE	Tau (ms)
1	 	 	 	 	 	 	 	 	 	 	 	 	 	 	 	 	 	 	 	 	 	 	 	 	 	 	 	 	 
2	3,967e+004	1,215e+005	322,0	492,2	170,3	172,9	462,6	136,5	1,012	72,55	135,5	134,8	1,012	377,4	65,58	0,4186	1,158e+005	1,083e+004	-8830	8053	-9330	2,202	98,86	491,0	173,5	9,345e+004	5,378e+004	0,4245	11,33
3	 	 	 	 	 	 	 	 	 	 	 	 	 	 	 	 	 	 	 	 	 	 	 	 	 	 	 	 	 
4	 	 	 	 	 	 	 	 	 	 	 	 	 	 	 	 	 	 	 	 	 	 	 	 	 	 	 	 	 
5	3,392e+004	1,252e+005	331,6	509,5	177,9	180,1	401,2	138,6	-0,2052	74,42	138,8	137,2	1,601	377,4	72,37	0,4137	5,567e+005	1,105e+004	-8659	1,264e+004	-9982	0,06840	103,1	458,3	180,9	8,942e+004	5,550e+004	0,3793	11,20
6	4,715e+004	1,391e+005	375,6	532,2	156,6	160,7	513,1	138,0	0,3694	72,60	137,6	134,6	0,3694	370,4	73,00	0,3584	4,069e+004	1,088e+004	-8762	8724	-8371	2,811	100,7	514,5	156,8	9,851e+004	5,135e+004	0,4787	11,81
7	 	 	 	 	 	 	 	 	 	 	 	 	 	 	 	 	 	 	 	 	 	 	 	 	 	 	 	 	 
8	 	 	 	 	 	 	 	 	 	 	 	 	 	 	 	 	 	 	 	 	 	 	 	 	 	 	 	 	 
9	4,011e+004	1,235e+005	327,4	505,0	177,6	178,9	491,4	138,4	2,066	75,14	136,3	136,1	2,066	377,4	66,42	0,4159	1,035e+005	1,106e+004	-8680	8804	-9525	2,654	96,09	492,9	181,6	9,414e+004	5,403e+004	0,4260	11,75
10	3,059e+004	1,043e+005	271,3	421,1	149,8	151,7	387,5	139,0	2,681	76,69	136,3	137,2	3,974	384,6	69,99	0,5056	6,239e+005	1,098e+004	-8837	9595	-9969	2,709	97,45	387,7	153,3	8,187e+004	5,128e+004	0,3736	11,67
11	 	 	 	 	 	 	 	 	 	 	 	 	 	 	 	 	 	 	 	 	 	 	 	 	 	 	 	 	 
12	 	 	 	 	 	 	 	 	 	 	 	 	 	 	 	 	 	 	 	 	 	 	 	 	 	 	 	 	 
13	4,483e+004	1,440e+005	376,7	525,1	148,5	151,9	519,9	137,0	1,908	74,01	135,1	134,3	1,908	382,2	77,42	0,3567	4,381e+004	1,088e+004	-8680	8414	-8952	2,688	96,92	486,5	149,4	9,454e+004	4,972e+004	0,4742	11,58
14	 	 	 	 	 	 	 	 	 	 	 	 	 	 	 	 	 	 	 	 	 	 	 	 	 	 	 	 	 
15	 	 	 	 	 	 	 	 	 	 	 	 	 	 	 	 	 	 	 	 	 	 	 	 	 	 	 	 	 
16	4,308e+004	1,289e+005	341,6	504,7	163,1	170,3	483,0	136,4	1,252	72,97	135,2	134,0	1,252	377,4	68,82	0,3923	8,335e+004	1,089e+004	-8837	8345	-9235	2,729	99,49	496,3	163,1	9,395e+004	5,087e+004	0,4585	11,75
17	 	 	 	 	 	 	 	 	 	 	 	 	 	 	 	 	 	 	 	 	 	 	 	 	 	 	 	 	 
18	 	 	 	 	 	 	 	 	 	 	 	 	 	 	 	 	 	 	 	 	 	 	 	 	 	 	 	 	 
19	4,233e+004	1,298e+005	344,1	514,6	170,5	173,6	496,3	136,3	0,8482	72,44	135,5	134,4	1,354	377,4	68,72	0,3906	6,973e+004	1,081e+004	-8789	1,226e+004	-9245	0,9850	102,2	500,7	172,4	9,477e+004	5,244e+004	0,4467	11,06
20	4,573e+004	1,403e+005	374,1	525,4	151,3	154,0	516,4	137,4	1,833	73,25	135,6	135,5	1,833	375,0	75,17	0,3621	5,051e+004	1,077e+004	-8844	9136	-8282	2,866	103,9	497,7	152,5	9,640e+004	5,068e+004	0,4743	11,66
21	 	 	 	 	 	 	 	 	 	 	 	 	 	 	 	 	 	 	 	 	 	 	 	 	 	 	 	 	 
22	 	 	 	 	 	 	 	 	 	 	 	 	 	 	 	 	 	 	 	 	 	 	 	 	 	 	 	 	 
23	4,139e+004	1,278e+005	338,8	514,1	175,3	177,9	499,5	137,3	1,334	73,35	135,9	135,3	1,683	377,4	67,40	0,3995	1,206e+005	1,081e+004	-8789	1,076e+004	-8871	1,347	93,82	502,6	178,9	9,510e+004	5,371e+004	0,4352	11,22
24	4,029e+004	1,303e+005	345,3	497,5	152,1	155,2	497,2	138,4	2,770	74,54	135,7	136,4	2,921	377,4	76,10	0,3950	2,104e+005	1,081e+004	-8632	9109	-1,015e+004	2,886	95,88	453,8	153,5	9,086e+004	5,057e+004	0,4434	11,64
25	 	 	 	 	 	 	 	 	 	 	 	 	 	 	 	 	 	 	 	 	 	 	 	 	 	 	 	 	 
26	 	 	 	 	 	 	 	 	 	 	 	 	 	 	 	 	 	 	 	 	 	 	 	 	 	 	 	 	 
27	4,496e+004	1,369e+005	369,6	542,5	172,9	175,4	523,9	137,1	1,245	72,07	135,8	134,3	1,245	370,4	71,18	0,3635	7,264e+004	1,076e+004	-8824	8648	-8353	2,586	92,54	519,3	174,8	9,738e+004	5,241e+004	0,4617	11,48
28	 	 	 	 	 	 	 	 	 	 	 	 	 	 	 	 	 	 	 	 	 	 	 	 	 	 	 	 	 
29	 	 	 	 	 	 	 	 	 	 	 	 	 	 	 	 	 	 	 	 	 	 	 	 	 	 	 	 	 
30	3,890e+004	1,298e+005	339,6	513,9	174,2	176,9	479,0	138,5	0,6361	75,27	137,8	136,3	2,558	382,2	70,79	0,4012	1,970e+005	1,081e+004	-8653	1,265e+004	-8747	0,9234	93,41	479,8	178,3	9,244e+004	5,354e+004	0,4208	11,37
31	4,601e+004	1,390e+005	373,1	528,1	155,0	157,3	517,5	138,7	1,587	73,52	137,1	136,1	1,587	372,7	73,84	0,3649	6,701e+004	1,070e+004	-8789	9101	-8376	2,907	92,16	505,3	156,4	9,750e+004	5,149e+004	0,4719	11,74
32	 	 	 	 	 	 	 	 	 	 	 	 	 	 	 	 	 	 	 	 	 	 	 	 	 	 	 	 	 
33	 	 	 	 	 	 	 	 	 	 	 	 	 	 	 	 	 	 	 	 	 	 	 	 	 	 	 	 	 
34	4,300e+004	1,324e+005	353,1	526,6	173,6	176,7	497,1	138,6	0,8892	73,61	137,7	136,6	1,505	375,0	70,08	0,3870	9,212e+004	1,070e+004	-8782	1,261e+004	-9342	0,8892	99,47	503,8	176,0	9,684e+004	5,385e+004	0,4440	11,23
35	4,641e+004	1,382e+005	368,5	525,3	156,9	159,3	520,8	139,3	1,977	74,49	137,3	137,1	1,977	375,0	72,47	0,3721	4,323e+004	1,073e+004	-8933	9392	-9251	2,852	99,85	508,5	158,0	9,784e+004	5,143e+004	0,4743	11,72
36	 	 	 	 	 	 	 	 	 	 	 	 	 	 	 	 	 	 	 	 	 	 	 	 	 	 	 	 	 
37	 	 	 	 	 	 	 	 	 	 	 	 	 	 	 	 	 	 	 	 	 	 	 	 	 	 	 	 	 
38	4,165e+004	1,293e+005	344,8	522,2	177,3	179,6	494,1	139,0	0,4788	73,87	138,5	137,4	1,286	375,0	68,29	0,3983	1,326e+005	1,069e+004	-8591	1,255e+004	-7966	0,6430	94,12	505,0	182,4	9,693e+004	5,527e+004	0,4297	11,15
39	 	 	 	 	 	 	 	 	 	 	 	 	 	 	 	 	 	 	 	 	 	 	 	 	 	 	 	 	 
40	 	 	 	 	 	 	 	 	 	 	 	 	 	 	 	 	 	 	 	 	 	 	 	 	 	 	 	 	 
41	3,027e+004	1,301e+005	342,6	526,5	183,9	185,3	412,6	140,3	0,06840	76,80	140,2	138,5	2,715	379,7	76,65	0,4042	8,179e+005	1,082e+004	-8516	1,175e+004	-9381	0,3215	97,23	447,0	192,6	8,783e+004	5,755e+004	0,3447	11,48
42	4,511e+004	1,379e+005	369,9	554,8	184,9	187,6	531,0	138,8	0,7182	73,83	138,1	136,9	0,7182	372,7	67,99	0,3701	1,680e+005	1,072e+004	-8769	1,130e+004	-9303	2,257	101,0	544,1	190,2	1,012e+005	5,611e+004	0,4457	11,30
43	3,977e+004	1,238e+005	330,2	490,5	160,3	163,3	490,5	140,6	2,982	76,34	137,6	138,2	3,584	375,0	71,66	0,4186	2,373e+005	1,077e+004	-8871	1,085e+004	-8789	3,092	101,9	460,9	164,0	9,160e+004	5,183e+004	0,4342	11,75
44	2,877e+004	1,347e+005	350,2	519,5	169,3	171,9	387,7	141,1	0,6840	78,55	140,4	138,8	4,227	384,6	85,57	0,3965	7,776e+005	1,084e+004	-8605	1,439e+004	-1,052e+004	0,9918	105,3	409,2	172,7	8,320e+004	5,443e+004	0,3458	11,55
45	4,414e+004	1,370e+005	365,3	551,4	186,1	188,1	525,7	140,0	0,2257	75,08	139,7	138,4	1,252	375,0	68,60	0,3789	1,697e+005	1,079e+004	-8748	1,296e+004	-8270	0,6224	101,1	532,6	193,3	1,007e+005	5,660e+004	0,4381	11,38
46	 	 	 	 	 	 	 	 	 	 	 	 	 	 	 	 	 	 	 	 	 	 	 	 	 	 	 	 	 
47	3,195e+004	1,074e+005	284,7	448,0	163,3	165,9	402,2	142,0	2,175	77,92	139,9	140,2	3,659	377,4	69,53	0,4925	7,609e+005	1,087e+004	-8933	1,428e+004	-9976	2,271	100,8	409,5	166,3	8,533e+004	5,337e+004	0,3745	11,87
48	3,611e+004	1,295e+005	343,1	528,0	184,9	187,6	443,5	141,4	0,9439	77,02	140,5	139,5	2,380	377,4	71,30	0,4066	5,791e+005	1,087e+004	-8379	1,249e+004	-9656	1,176	100,6	481,1	188,7	9,342e+004	5,731e+004	0,3866	11,59
49	4,814e+004	1,395e+005	376,7	540,8	164,1	166,7	531,7	141,5	1,778	75,25	139,8	139,3	1,778	370,4	71,70	0,3698	5,511e+004	1,073e+004	-9070	9876	-9246	3,105	96,38	525,4	165,7	1,011e+005	5,294e+004	0,4762	11,83
50	 	 	 	 	 	 	 	 	 	 	 	 	 	 	 	 	 	 	 	 	 	 	 	 	 	 	 	 	 
51	3,627e+004	1,155e+005	306,0	468,5	162,5	164,7	414,9	142,0	1,915	77,15	140,1	139,6	2,202	377,4	69,78	0,4560	5,933e+005	1,077e+004	-9029	1,025e+004	-9159	2,387	101,5	438,6	164,5	8,986e+004	5,359e+004	0,4037	12,06
52	2,958e+004	1,287e+005	341,0	525,0	184,0	185,6	391,0	139,9	-0,2599	75,12	140,1	138,1	2,059	377,4	78,41	0,4051	7,702e+005	1,073e+004	-8605	1,077e+004	-9031	0,06840	100,3	434,9	190,4	8,728e+004	5,770e+004	0,3389	11,18
53	 	 	 	 	 	 	 	 	 	 	 	 	 	 	 	 	 	 	 	 	 	 	 	 	 	 	 	 	 
54	3,110e+004	1,093e+005	286,1	445,2	159,1	160,7	406,9	139,6	1,997	76,46	137,6	137,5	4,213	382,2	71,19	0,4805	8,347e+005	1,066e+004	-8981	1,335e+004	-9012	2,202	105,0	401,9	161,5	8,264e+004	5,154e+004	0,3764	11,57
55	3,342e+004	1,316e+005	348,7	534,8	186,2	187,4	440,0	138,7	-0,4309	74,83	139,1	136,8	2,298	377,4	73,95	0,3924	5,590e+005	1,067e+004	-8687	1,082e+004	-8999	-0,2189	96,40	471,5	194,6	9,074e+004	5,732e+004	0,3683	11,13
56	 	 	 	 	 	 	 	 	 	 	 	 	 	 	 	 	 	 	 	 	 	 	 	 	 	 	 	 	 
57	3,655e+004	1,161e+005	307,7	468,5	160,8	162,9	463,0	141,0	2,982	77,32	138,0	139,0	4,398	377,4	70,06	0,4517	5,949e+005	1,070e+004	-8591	1,156e+004	-8770	3,119	102,4	439,2	163,5	8,872e+004	5,217e+004	0,4119	11,82
58	3,004e+004	1,361e+005	354,0	533,1	179,2	181,0	407,1	142,0	0,06156	79,08	141,9	140,0	4,166	384,6	82,73	0,3956	8,497e+005	1,075e+004	-8591	1,288e+004	-9366	0,2326	104,8	427,9	184,0	8,599e+004	5,595e+004	0,3494	11,49
59	4,381e+004	1,374e+005	370,9	559,3	188,4	189,6	537,1	140,4	0,5746	74,36	139,8	138,2	0,5746	370,4	68,00	0,3727	2,578e+005	1,075e+004	-8885	1,243e+004	-9385	0,7592	99,27	545,5	198,7	1,021e+005	5,832e+004	0,4290	11,12
60	 	 	 	 	 	 	 	 	 	 	 	 	 	 	 	 	 	 	 	 	 	 	 	 	 	 	 	 	 
61	3,484e+004	1,382e+005	363,9	535,2	171,4	173,8	436,0	143,9	1,197	79,57	142,7	141,3	3,789	379,7	81,93	0,3885	6,080e+005	1,085e+004	-8741	1,550e+004	-1,051e+004	1,218	102,1	444,1	174,0	9,028e+004	5,544e+004	0,3859	11,70
62	4,372e+004	1,368e+005	367,1	555,5	188,4	189,8	540,5	143,8	0,2462	77,45	143,6	141,3	1,614	372,7	69,06	0,3850	2,420e+005	1,085e+004	-8769	1,210e+004	-8488	0,9097	99,77	531,5	197,0	1,025e+005	5,875e+004	0,4266	11,51
63	 	 	 	 	 	 	 	 	 	 	 	 	 	 	 	 	 	 	 	 	 	 	 	 	 	 	 	 	 
64	3,543e+004	1,367e+005	362,2	529,9	167,8	169,3	437,5	145,8	0,7798	80,16	145,0	143,4	3,858	377,4	82,13	0,3961	6,552e+005	1,088e+004	-8653	1,559e+004	-1,009e+004	0,9713	102,3	441,0	174,1	9,164e+004	5,621e+004	0,3866	11,63
65	4,282e+004	1,372e+005	361,4	550,2	188,9	190,1	535,1	144,5	0,1778	79,19	144,4	142,0	1,491	379,7	68,03	0,3929	2,735e+005	1,087e+004	-8694	1,213e+004	-8489	0,4583	101,7	531,2	199,4	1,028e+005	5,999e+004	0,4165	11,40
66	 	 	 	 	 	 	 	 	 	 	 	 	 	 	 	 	 	 	 	 	 	 	 	 	 	 	 	 	 
67	3,904e+004	1,337e+005	356,6	523,6	167,1	168,9	452,9	147,9	1,190	81,31	146,7	145,0	3,803	375,0	77,59	0,4067	4,967e+005	1,096e+004	-9111	1,640e+004	-1,039e+004	1,361	104,4	459,5	171,7	9,544e+004	5,640e+004	0,4090	11,72
68	4,297e+004	1,358e+005	357,6	553,1	195,5	197,4	530,1	146,8	0,7934	81,44	146,0	144,8	1,799	379,7	66,25	0,4049	2,982e+005	1,098e+004	-8523	1,190e+004	-9314	1,293	101,9	539,8	206,6	1,050e+005	6,198e+004	0,4094	11,99
69	 	 	 	 	 	 	 	 	 	 	 	 	 	 	 	 	 	 	 	 	 	 	 	 	 	 	 	 	 
70	3,667e+004	1,294e+005	343,0	515,9	172,9	175,6	430,3	149,6	1,601	83,21	148,0	146,9	4,029	377,4	75,73	0,4283	6,190e+005	1,099e+004	-8728	1,626e+004	-1,072e+004	1,703	104,3	452,9	176,0	9,433e+004	5,766e+004	0,3888	12,16
71	4,298e+004	1,403e+005	371,8	561,5	189,7	191,6	523,3	148,3	0,6430	81,76	147,6	146,2	2,018	377,4	69,76	0,3932	3,246e+005	1,105e+004	-8406	1,239e+004	-9354	0,6908	103,4	533,0	200,9	1,054e+005	6,242e+004	0,4078	11,93
72	 	 	 	 	 	 	 	 	 	 	 	 	 	 	 	 	 	 	 	 	 	 	 	 	 	 	 	 	 
73	3,804e+004	1,289e+005	341,6	509,8	168,2	169,8	446,9	150,2	1,484	83,56	148,8	147,7	3,926	377,4	76,85	0,4323	5,203e+005	1,104e+004	-8810	1,629e+004	-9958	1,512	105,3	444,5	172,0	9,523e+004	5,719e+004	0,3994	12,09
74	4,310e+004	1,390e+005	368,3	562,9	194,6	196,4	519,5	148,8	0,1300	82,21	148,7	146,7	1,943	377,4	69,13	0,3985	3,200e+005	1,103e+004	-8495	1,253e+004	-9581	0,3352	105,0	532,8	206,1	1,062e+005	6,307e+004	0,4060	11,78
75	 	 	 	 	 	 	 	 	 	 	 	 	 	 	 	 	 	 	 	 	 	 	 	 	 	 	 	 	 
76	4,387e+004	1,242e+005	329,2	499,0	169,8	172,8	466,5	150,6	3,208	84,34	147,3	148,3	4,063	377,4	67,50	0,4504	2,036e+005	1,109e+004	-9090	1,396e+004	-1,010e+004	3,386	104,4	487,7	172,1	1,008e+005	5,697e+004	0,4351	12,31
77	3,354e+004	1,372e+005	363,6	550,0	186,4	187,2	434,8	149,9	0,2804	83,36	149,6	147,8	3,769	377,4	78,96	0,4065	5,315e+005	1,109e+004	-8440	1,199e+004	-9412	0,3352	106,8	460,5	197,2	9,613e+004	6,259e+004	0,3489	11,99
78	 	 	 	 	 	 	 	 	 	 	 	 	 	 	 	 	 	 	 	 	 	 	 	 	 	 	 	 	 
79	 	 	 	 	 	 	 	 	 	 	 	 	 	 	 	 	 	 	 	 	 	 	 	 	 	 	 	 	 
80	4,040e+004	1,189e+005	315,0	485,4	170,4	173,0	452,7	151,0	2,415	84,56	148,6	148,0	4,207	377,4	67,40	0,4699	3,522e+005	1,110e+004	-8625	1,560e+004	-1,064e+004	2,490	109,9	467,4	173,3	9,794e+004	5,754e+004	0,4125	12,44
81	3,997e+004	1,408e+005	370,8	562,6	191,8	193,2	495,1	149,3	0,3420	83,14	148,9	147,3	3,187	379,7	72,76	0,3974	3,248e+005	1,114e+004	-8269	1,205e+004	-8947	0,5404	101,5	509,6	203,7	1,027e+005	6,268e+004	0,3894	11,87
82	 	 	 	 	 	 	 	 	 	 	 	 	 	 	 	 	 	 	 	 	 	 	 	 	 	 	 	 	 
83	 	 	 	 	 	 	 	 	 	 	 	 	 	 	 	 	 	 	 	 	 	 	 	 	 	 	 	 	 
84	3,485e+004	1,376e+005	364,7	535,2	170,4	172,8	425,7	148,9	0,4788	82,13	148,4	146,7	3,844	377,4	82,75	0,4022	5,854e+005	1,112e+004	-8830	1,420e+004	-1,096e+004	0,8140	102,6	440,8	175,3	9,337e+004	5,852e+004	0,3732	11,71
85	 	 	 	 	 	 	 	 	 	 	 	 	 	 	 	 	 	 	 	 	 	 	 	 	 	 	 	 	 
86	 	 	 	 	 	 	 	 	 	 	 	 	 	 	 	 	 	 	 	 	 	 	 	 	 	 	 	 	 
87	3,704e+004	1,341e+005	355,3	529,8	174,5	176,1	448,5	149,1	1,635	82,46	147,4	146,8	3,892	377,4	77,47	0,4132	6,603e+005	1,111e+004	-8810	1,525e+004	-1,157e+004	1,819	105,0	458,6	179,8	9,545e+004	5,841e+004	0,3881	12,05
88	4,403e+004	1,390e+005	368,2	560,9	192,7	193,7	536,7	148,1	0,7798	81,39	147,3	145,9	2,216	377,4	68,71	0,3962	2,686e+005	1,110e+004	-8536	1,224e+004	-8921	1,176	104,5	535,9	204,6	1,058e+005	6,181e+004	0,4160	11,73
89	 	 	 	 	 	 	 	 	 	 	 	 	 	 	 	 	 	 	 	 	 	 	 	 	 	 	 	 	 
90	4,729e+004	1,361e+005	362,9	531,1	168,2	171,5	519,6	149,4	3,311	82,29	146,1	147,2	3,509	375,0	71,27	0,4057	1,042e+005	1,109e+004	-8960	1,375e+004	-9042	3,454	106,4	509,2	170,7	1,036e+005	5,629e+004	0,4565	12,15
91	3,386e+004	1,350e+005	357,8	549,1	191,3	192,9	442,3	149,0	0,8276	82,59	148,2	147,4	3,933	377,4	75,75	0,4119	6,676e+005	1,106e+004	-8482	1,155e+004	-9718	0,9508	109,8	472,4	201,8	9,602e+004	6,217e+004	0,3526	11,90
92	 	 	 	 	 	 	 	 	 	 	 	 	 	 	 	 	 	 	 	 	 	 	 	 	 	 	 	 	 
93	3,765e+004	1,378e+005	362,8	536,3	173,4	175,1	444,5	150,2	0,9644	83,78	149,2	147,7	4,008	379,7	79,22	0,4071	6,204e+005	1,113e+004	-8495	1,483e+004	-1,162e+004	1,047	101,3	458,0	178,2	9,618e+004	5,853e+004	0,3914	11,89
94	 	 	 	 	 	 	 	 	 	 	 	 	 	 	 	 	 	 	 	 	 	 	 	 	 	 	 	 	 
95	4,434e+004	1,268e+005	336,1	502,4	166,3	169,0	469,7	149,8	3,140	82,83	146,7	146,7	3,878	377,4	68,58	0,4365	3,357e+005	1,116e+004	-9186	1,256e+004	-9933	3,290	102,8	490,2	167,9	1,002e+005	5,582e+004	0,4427	12,04
96	3,105e+004	1,332e+005	353,0	528,0	175,1	176,2	411,8	149,3	1,238	82,51	148,0	147,5	3,837	377,4	83,04	0,4179	6,599e+005	1,114e+004	-8564	1,288e+004	-9558	1,313	106,2	425,0	185,8	9,148e+004	6,043e+004	0,3394	11,96

	SW (mmHg*킠)	CO (킠/min)	SV (킠)	Vmax (킠)	Vmin (킠)	Ves (킠)	Ved (킠)	Pmax (mmHg)	Pmin (mmHg)	Pmean (mmHg)	Pdev (mmHg)	Pes (mmHg)	Ped (mmHg)	HR (bpm)	EF (%)	Ea (mmHg/킠)	PowMax (mmHg*킠/s)	dP/dt max (mmHg/s)	dP/dt min (mmHg/s)	dV/dt max (킠/s)	dV/dt min (킠/s)	P@dV/dt max (mmHg)	P@dP/dt max (mmHg)	V@dP/dt max (킠)	V@dP/dt min (킠)	PVA (mmHg*킠)	PE (mmHg*킠)	CE	Tau (ms)
Avg	3,931e+004	1,313e+005	348,3	521,5	173,2	175,5	471,9	142,9	1,221	77,87	141,7	140,7	2,648	377,2	72,86	0,4061	3,763e+005	1,090e+004	-8729	1,209e+004	-9447	1,633	101,2	479,6	178,2	9,522e+004	5,592e+004	0,4115	11,67
Min	2,877e+004	1,043e+005	271,3	421,1	148,5	151,7	387,5	136,3	-0,4309	72,07	135,1	134,0	0,3694	370,4	65,58	0,3567	4,069e+004	1,066e+004	-9186	8053	-1,162e+004	-0,2189	92,16	387,7	149,4	8,187e+004	4,972e+004	0,3389	11,06
Max	4,814e+004	1,440e+005	376,7	562,9	195,5	197,4	540,5	151,0	3,311	84,56	149,6	148,3	4,398	384,6	85,57	0,5056	8,497e+005	1,116e+004	-8269	1,640e+004	-7966	3,454	109,9	545,5	206,6	1,062e+005	6,307e+004	0,4787	12,44
Count	54	54	54	54	54	54	54	54	54	54	54	54	54	54	54	54	54	54	54	54	54	54	54	54	54	54	54	54	54
