	SW (mmHg*킠)	CO (킠/min)	SV (킠)	Vmax (킠)	Vmin (킠)	Ves (킠)	Ved (킠)	Pmax (mmHg)	Pmin (mmHg)	Pmean (mmHg)	Pdev (mmHg)	Pes (mmHg)	Ped (mmHg)	HR (bpm)	EF (%)	Ea (mmHg/킠)	PowMax (mmHg*킠/s)	dP/dt max (mmHg/s)	dP/dt min (mmHg/s)	dV/dt max (킠/s)	dV/dt min (킠/s)	P@dV/dt max (mmHg)	P@dP/dt max (mmHg)	V@dP/dt max (킠)	V@dP/dt min (킠)	Tau (ms)
1	 	 	 	 	 	 	 	 	 	 	 	 	 	 	 	 	 	 	 	 	 	 	 	 	 	 
2	 	 	 	 	 	 	 	 	 	 	 	 	 	 	 	 	 	 	 	 	 	 	 	 	 	 
3	6,227e+004	1,990e+005	530,7	655,5	124,8	128,8	530,3	149,5	-0,3215	73,52	149,8	142,6	-0,1847	375,0	91,76	0,2687	1,704e+006	1,352e+004	-1,252e+004	1,338e+004	-1,404e+004	123,1	97,59	578,4	125,6	8,489
4	 	 	 	 	 	 	 	 	 	 	 	 	 	 	 	 	 	 	 	 	 	 	 	 	 	 
5	5,212e+004	1,775e+005	467,4	578,3	110,9	119,1	463,5	151,5	1,053	77,49	150,4	144,3	3,605	379,7	99,20	0,3087	9,543e+005	1,387e+004	-1,123e+004	1,971e+004	-1,611e+004	1,361	111,0	471,2	111,1	9,485
6	6,034e+004	1,992e+005	527,8	664,0	136,2	138,3	582,0	150,1	-0,4925	75,28	150,6	145,8	1,368	377,4	96,60	0,2762	1,725e+006	1,377e+004	-1,125e+004	1,312e+004	-2,077e+004	-0,01368	108,8	546,4	138,9	9,212
7	 	 	 	 	 	 	 	 	 	 	 	 	 	 	 	 	 	 	 	 	 	 	 	 	 	 
8	 	 	 	 	 	 	 	 	 	 	 	 	 	 	 	 	 	 	 	 	 	 	 	 	 	 
9	4,854e+004	1,659e+005	439,7	540,5	100,8	108,3	413,4	150,1	0,1778	75,39	149,9	140,3	3,365	377,4	99,72	0,3191	7,012e+005	1,391e+004	-1,132e+004	1,867e+004	-1,458e+004	0,6566	104,4	440,9	101,2	9,122
10	 	 	 	 	 	 	 	 	 	 	 	 	 	 	 	 	 	 	 	 	 	 	 	 	 	 
11	5,975e+004	2,067e+005	551,2	672,8	121,5	123,9	511,6	147,7	-1,074	71,72	148,8	141,1	-0,3146	375,0	96,93	0,2560	2,218e+006	1,353e+004	-1,250e+004	1,677e+004	-1,531e+004	125,5	101,1	568,7	123,6	8,301
12	 	 	 	 	 	 	 	 	 	 	 	 	 	 	 	 	 	 	 	 	 	 	 	 	 	 
13	5,446e+004	1,824e+005	480,3	598,6	118,3	126,2	521,1	153,4	2,490	79,08	150,9	146,2	4,049	379,7	97,78	0,3044	9,268e+005	1,386e+004	-1,140e+004	2,002e+004	-1,705e+004	3,187	105,2	491,2	118,9	9,623
14	6,129e+004	2,022e+005	535,8	676,7	140,9	143,9	600,6	154,6	-0,5882	78,45	155,2	150,7	2,709	377,4	97,48	0,2813	1,841e+006	1,391e+004	-1,081e+004	1,718e+004	-2,052e+004	-0,07524	102,2	549,6	145,7	9,461
15	6,718e+004	2,152e+005	570,2	702,3	132,1	136,0	590,3	152,9	-0,5404	76,09	153,4	144,9	0,2873	377,4	93,70	0,2541	1,890e+006	1,376e+004	-1,215e+004	1,431e+004	-1,556e+004	126,0	100,4	608,5	133,7	8,708
16	 	 	 	 	 	 	 	 	 	 	 	 	 	 	 	 	 	 	 	 	 	 	 	 	 	 
17	5,575e+004	1,820e+005	479,2	599,1	119,9	126,7	542,1	155,0	2,531	79,80	152,5	148,0	3,878	379,7	96,36	0,3088	1,253e+006	1,382e+004	-1,135e+004	2,031e+004	-1,925e+004	3,140	102,3	497,3	119,9	9,599
18	5,890e+004	1,984e+005	522,6	661,8	139,2	141,0	599,8	154,8	-0,3625	79,06	155,1	149,9	2,900	379,7	98,14	0,2868	1,969e+006	1,393e+004	-1,116e+004	1,492e+004	-1,887e+004	0,08892	113,3	532,5	143,7	9,442
19	6,573e+004	2,097e+005	559,2	691,9	132,7	138,5	562,6	152,4	-0,7456	75,16	153,1	144,1	0,03420	375,0	92,66	0,2578	1,873e+006	1,376e+004	-1,194e+004	1,445e+004	-1,505e+004	-0,1710	99,66	603,4	133,7	8,625
20	6,629e+004	2,208e+005	588,9	702,4	113,5	124,0	554,4	151,8	0,1231	75,69	151,7	144,9	0,1231	375,0	98,61	0,2461	2,226e+006	1,361e+004	-1,194e+004	1,790e+004	-1,862e+004	3,386	99,46	597,2	115,1	9,222
21	5,303e+004	1,762e+005	464,0	578,4	114,4	122,9	536,5	153,8	2,510	79,04	151,2	147,0	3,728	379,7	97,47	0,3168	1,127e+006	1,385e+004	-1,154e+004	1,892e+004	-1,685e+004	3,187	111,4	476,0	114,5	9,560
22	5,578e+004	1,779e+005	471,4	607,6	136,3	138,8	579,2	153,6	-0,4309	77,84	154,0	150,3	3,187	377,4	92,93	0,3188	1,478e+006	1,400e+004	-1,148e+004	1,423e+004	-1,778e+004	0,09576	107,1	507,2	138,3	9,410
23	6,353e+004	2,108e+005	562,1	692,0	129,9	134,1	528,8	151,3	-0,6430	74,36	151,9	145,2	0,06840	375,0	93,29	0,2583	2,092e+006	1,373e+004	-1,187e+004	1,657e+004	-1,637e+004	120,8	107,9	602,6	131,7	8,584
24	5,883e+004	2,098e+005	555,9	683,9	127,9	130,9	505,3	149,4	-0,5335	73,73	150,0	142,6	0,2052	377,4	97,16	0,2565	2,344e+006	1,350e+004	-1,235e+004	1,796e+004	-1,844e+004	130,0	107,6	572,2	129,5	8,528

	SW (mmHg*킠)	CO (킠/min)	SV (킠)	Vmax (킠)	Vmin (킠)	Ves (킠)	Ved (킠)	Pmax (mmHg)	Pmin (mmHg)	Pmean (mmHg)	Pdev (mmHg)	Pes (mmHg)	Ped (mmHg)	HR (bpm)	EF (%)	Ea (mmHg/킠)	PowMax (mmHg*킠/s)	dP/dt max (mmHg/s)	dP/dt min (mmHg/s)	dV/dt max (킠/s)	dV/dt min (킠/s)	P@dV/dt max (mmHg)	P@dP/dt max (mmHg)	V@dP/dt max (킠)	V@dP/dt min (킠)	Tau (ms)
Avg	5,899e+004	1,959e+005	519,2	644,1	125,0	130,1	538,8	152,0	0,1971	76,36	151,8	145,5	1,813	377,4	96,24	0,2824	1,645e+006	1,377e+004	-1,168e+004	1,678e+004	-1,720e+004	40,01	105,0	540,2	126,6	9,086
Min	4,854e+004	1,659e+005	439,7	540,5	100,8	108,3	413,4	147,7	-1,074	71,72	148,8	140,3	-0,3146	375,0	91,76	0,2461	7,012e+005	1,350e+004	-1,252e+004	1,312e+004	-2,077e+004	-0,1710	97,59	440,9	101,2	8,301
Max	6,718e+004	2,208e+005	588,9	702,4	140,9	143,9	600,6	155,0	2,531	79,80	155,2	150,7	4,049	379,7	99,72	0,3191	2,344e+006	1,400e+004	-1,081e+004	2,031e+004	-1,404e+004	130,0	113,3	608,5	145,7	9,623
Count	16	16	16	16	16	16	16	16	16	16	16	16	16	16	16	16	16	16	16	16	16	16	16	16	16	16
