	SW (mmHg*킠)	CO (킠/min)	SV (킠)	Vmax (킠)	Vmin (킠)	Ves (킠)	Ved (킠)	Pmax (mmHg)	Pmin (mmHg)	Pmean (mmHg)	Pdev (mmHg)	Pes (mmHg)	Ped (mmHg)	HR (bpm)	EF (%)	Ea (mmHg/킠)	PowMax (mmHg*킠/s)	dP/dt max (mmHg/s)	dP/dt min (mmHg/s)	dV/dt max (킠/s)	dV/dt min (킠/s)	P@dV/dt max (mmHg)	P@dP/dt max (mmHg)	V@dP/dt max (킠)	V@dP/dt min (킠)	PVA (mmHg*킠)	PE (mmHg*킠)	CE	Tau (ms)
1	 	 	 	 	 	 	 	 	 	 	 	 	 	 	 	 	 	 	 	 	 	 	 	 	 	 	 	 	 
2	 	 	 	 	 	 	 	 	 	 	 	 	 	 	 	 	 	 	 	 	 	 	 	 	 	 	 	 	 
3	 	 	 	 	 	 	 	 	 	 	 	 	 	 	 	 	 	 	 	 	 	 	 	 	 	 	 	 	 
4	 	 	 	 	 	 	 	 	 	 	 	 	 	 	 	 	 	 	 	 	 	 	 	 	 	 	 	 	 
5	 	 	 	 	 	 	 	 	 	 	 	 	 	 	 	 	 	 	 	 	 	 	 	 	 	 	 	 	 
6	 	 	 	 	 	 	 	 	 	 	 	 	 	 	 	 	 	 	 	 	 	 	 	 	 	 	 	 	 
7	 	 	 	 	 	 	 	 	 	 	 	 	 	 	 	 	 	 	 	 	 	 	 	 	 	 	 	 	 
8	6,176e+004	1,507e+005	432,0	461,2	29,21	33,10	461,2	156,0	-2,106	66,37	158,1	135,3	4,828	348,8	99,84	0,3132	2,008e+004	1,732e+004	-9609	8687	-1,026e+004	-1,395	112,1	432,7	29,65	8,452e+004	2,276e+004	0,7307	9,216
9	 	 	 	 	 	 	 	 	 	 	 	 	 	 	 	 	 	 	 	 	 	 	 	 	 	 	 	 	 
10	 	 	 	 	 	 	 	 	 	 	 	 	 	 	 	 	 	 	 	 	 	 	 	 	 	 	 	 	 
11	 	 	 	 	 	 	 	 	 	 	 	 	 	 	 	 	 	 	 	 	 	 	 	 	 	 	 	 	 
12	 	 	 	 	 	 	 	 	 	 	 	 	 	 	 	 	 	 	 	 	 	 	 	 	 	 	 	 	 
13	5,936e+004	1,443e+005	416,0	451,0	35,05	41,89	451,0	153,7	-1,662	65,91	155,4	132,5	3,365	346,8	96,59	0,3185	1,469e+004	1,727e+004	-9684	8068	-1,036e+004	-0,3214	109,7	430,7	37,34	8,212e+004	2,277e+004	0,7228	8,883
14	 	 	 	 	 	 	 	 	 	 	 	 	 	 	 	 	 	 	 	 	 	 	 	 	 	 	 	 	 
15	 	 	 	 	 	 	 	 	 	 	 	 	 	 	 	 	 	 	 	 	 	 	 	 	 	 	 	 	 
16	5,568e+004	1,409e+005	401,5	432,5	31,02	33,60	421,8	152,4	0,7249	66,16	151,7	131,9	2,264	350,9	99,33	0,3285	2,411e+004	1,711e+004	-9452	1,143e+004	-9094	1,491	111,0	404,2	31,17	7,864e+004	2,297e+004	0,7080	8,658
17	5,914e+004	1,503e+005	423,3	444,8	21,52	23,48	432,7	154,4	0,1778	68,07	154,2	132,1	5,252	355,0	102,7	0,3121	1,647e+004	1,718e+004	-9383	1,325e+004	-9809	0,8344	107,6	412,1	21,55	8,122e+004	2,208e+004	0,7282	9,152
18	5,910e+004	1,444e+005	416,2	445,7	29,46	35,01	445,5	154,4	-1,375	65,76	155,7	131,6	3,522	346,8	98,92	0,3162	1,468e+004	1,713e+004	-9718	8919	-9979	-0,1778	105,8	420,8	31,57	8,145e+004	2,235e+004	0,7256	8,924
19	 	 	 	 	 	 	 	 	 	 	 	 	 	 	 	 	 	 	 	 	 	 	 	 	 	 	 	 	 
20	 	 	 	 	 	 	 	 	 	 	 	 	 	 	 	 	 	 	 	 	 	 	 	 	 	 	 	 	 
21	 	 	 	 	 	 	 	 	 	 	 	 	 	 	 	 	 	 	 	 	 	 	 	 	 	 	 	 	 
22	 	 	 	 	 	 	 	 	 	 	 	 	 	 	 	 	 	 	 	 	 	 	 	 	 	 	 	 	 
23	5,563e+004	1,382e+005	396,2	425,9	29,69	33,52	414,9	153,1	0,7318	65,99	152,4	133,9	2,230	348,8	98,57	0,3381	2,548e+004	1,701e+004	-9732	1,180e+004	-9652	1,587	106,3	402,0	30,15	7,878e+004	2,315e+004	0,7061	8,639
24	5,910e+004	1,465e+005	412,6	432,5	19,93	22,93	425,5	155,2	0,1436	68,41	155,0	133,3	5,410	355,0	100,5	0,3231	1,691e+004	1,712e+004	-9383	1,287e+004	-1,016e+004	0,8617	106,1	410,4	20,40	8,125e+004	2,215e+004	0,7274	9,253
25	5,793e+004	1,408e+005	403,6	431,1	27,54	30,35	431,1	154,4	-2,072	65,60	156,5	131,5	4,076	348,8	98,96	0,3259	1,427e+004	1,697e+004	-9643	9292	-1,020e+004	-1,443	102,1	407,8	28,07	7,990e+004	2,197e+004	0,7250	8,880
26	 	 	 	 	 	 	 	 	 	 	 	 	 	 	 	 	 	 	 	 	 	 	 	 	 	 	 	 	 
27	 	 	 	 	 	 	 	 	 	 	 	 	 	 	 	 	 	 	 	 	 	 	 	 	 	 	 	 	 
28	5,596e+004	1,416e+005	405,8	434,6	28,73	32,25	434,6	151,7	-0,7044	64,90	152,4	130,6	3,262	348,8	101,0	0,3217	1,187e+004	1,699e+004	-9664	1,010e+004	-9797	0,4240	109,2	401,7	29,11	7,826e+004	2,230e+004	0,7151	8,708
29	 	 	 	 	 	 	 	 	 	 	 	 	 	 	 	 	 	 	 	 	 	 	 	 	 	 	 	 	 
30	5,543e+004	1,368e+005	394,3	423,7	29,34	32,47	423,7	150,4	-2,264	63,04	152,6	128,1	2,941	346,8	97,94	0,3249	1,334e+004	1,693e+004	-9369	8923	-1,013e+004	-1,402	105,6	402,6	29,74	7,691e+004	2,148e+004	0,7207	8,768
31	 	 	 	 	 	 	 	 	 	 	 	 	 	 	 	 	 	 	 	 	 	 	 	 	 	 	 	 	 
32	5,892e+004	1,463e+005	416,9	441,1	24,22	29,50	441,1	152,9	-2,120	65,55	155,0	125,7	5,362	350,9	100,4	0,3016	1,479e+004	1,676e+004	-9568	9967	-9960	-1,600	104,7	415,3	26,43	7,939e+004	2,047e+004	0,7421	8,909
33	 	 	 	 	 	 	 	 	 	 	 	 	 	 	 	 	 	 	 	 	 	 	 	 	 	 	 	 	 
34	6,147e+004	1,552e+005	437,2	454,2	17,05	21,18	454,2	154,5	-0,3420	67,92	154,8	125,1	5,464	355,0	103,6	0,2862	1,442e+004	1,663e+004	-9595	1,285e+004	-9588	0,2599	113,5	422,1	19,25	8,183e+004	2,036e+004	0,7512	9,119
35	5,876e+004	1,456e+005	419,9	449,5	29,59	36,15	448,2	152,1	-1,546	64,83	153,7	128,9	2,797	346,8	100,1	0,3071	1,276e+004	1,687e+004	-9882	9475	-9845	-0,6429	109,1	419,6	32,40	8,045e+004	2,169e+004	0,7304	8,487
36	 	 	 	 	 	 	 	 	 	 	 	 	 	 	 	 	 	 	 	 	 	 	 	 	 	 	 	 	 
37	5,941e+004	1,494e+005	428,2	447,6	19,48	25,09	447,6	152,3	-1,628	64,47	154,0	126,5	4,630	348,8	103,4	0,2954	1,569e+004	1,674e+004	-9540	1,036e+004	-1,026e+004	-0,9985	105,7	414,2	22,12	7,977e+004	2,036e+004	0,7448	9,053
38	5,303e+004	1,418e+005	406,5	435,8	29,29	32,25	401,0	150,2	0,7591	63,85	149,5	130,7	2,264	348,8	103,7	0,3216	2,429e+004	1,664e+004	-8986	1,168e+004	-9537	1,566	102,8	392,1	29,57	7,562e+004	2,259e+004	0,7013	8,670
39	5,845e+004	1,459e+005	413,3	433,6	20,32	22,41	433,6	150,9	-2,052	64,73	152,9	127,4	5,690	352,9	101,1	0,3082	1,542e+004	1,639e+004	-9130	1,147e+004	-9853	-1,388	114,3	409,0	20,64	7,902e+004	2,057e+004	0,7397	8,825
40	 	 	 	 	 	 	 	 	 	 	 	 	 	 	 	 	 	 	 	 	 	 	 	 	 	 	 	 	 
41	 	 	 	 	 	 	 	 	 	 	 	 	 	 	 	 	 	 	 	 	 	 	 	 	 	 	 	 	 
42	5,912e+004	1,466e+005	420,2	448,7	28,55	33,68	448,2	153,1	-1,081	65,57	154,2	130,8	3,467	348,8	99,87	0,3114	1,253e+004	1,682e+004	-9759	1,025e+004	-9997	-0,1436	102,8	420,7	29,77	8,123e+004	2,211e+004	0,7278	8,639
43	 	 	 	 	 	 	 	 	 	 	 	 	 	 	 	 	 	 	 	 	 	 	 	 	 	 	 	 	 
44	 	 	 	 	 	 	 	 	 	 	 	 	 	 	 	 	 	 	 	 	 	 	 	 	 	 	 	 	 
45	 	 	 	 	 	 	 	 	 	 	 	 	 	 	 	 	 	 	 	 	 	 	 	 	 	 	 	 	 
46	 	 	 	 	 	 	 	 	 	 	 	 	 	 	 	 	 	 	 	 	 	 	 	 	 	 	 	 	 
47	 	 	 	 	 	 	 	 	 	 	 	 	 	 	 	 	 	 	 	 	 	 	 	 	 	 	 	 	 
48	5,494e+004	1,404e+005	395,4	411,6	16,28	16,79	406,1	148,5	-2,291	62,64	150,8	123,2	5,813	355,0	101,5	0,3117	3,363e+004	1,635e+004	-8795	1,209e+004	-1,040e+004	-1,799	99,71	389,5	16,58	7,461e+004	1,967e+004	0,7363	8,581
49	 	 	 	 	 	 	 	 	 	 	 	 	 	 	 	 	 	 	 	 	 	 	 	 	 	 	 	 	 
50	 	 	 	 	 	 	 	 	 	 	 	 	 	 	 	 	 	 	 	 	 	 	 	 	 	 	 	 	 
51	 	 	 	 	 	 	 	 	 	 	 	 	 	 	 	 	 	 	 	 	 	 	 	 	 	 	 	 	 
52	 	 	 	 	 	 	 	 	 	 	 	 	 	 	 	 	 	 	 	 	 	 	 	 	 	 	 	 	 
53	 	 	 	 	 	 	 	 	 	 	 	 	 	 	 	 	 	 	 	 	 	 	 	 	 	 	 	 	 
54	5,517e+004	1,427e+005	409,2	434,9	25,77	27,83	434,9	150,0	-1,149	63,11	151,1	129,5	3,536	348,8	103,4	0,3164	1,212e+004	1,661e+004	-9356	9686	-1,043e+004	0,09574	101,1	395,9	25,86	7,711e+004	2,194e+004	0,7155	8,744
55	 	 	 	 	 	 	 	 	 	 	 	 	 	 	 	 	 	 	 	 	 	 	 	 	 	 	 	 	 
56	 	 	 	 	 	 	 	 	 	 	 	 	 	 	 	 	 	 	 	 	 	 	 	 	 	 	 	 	 
57	 	 	 	 	 	 	 	 	 	 	 	 	 	 	 	 	 	 	 	 	 	 	 	 	 	 	 	 	 
58	5,776e+004	1,477e+005	418,6	431,0	12,40	13,47	431,0	148,4	-0,6292	62,89	149,0	121,4	5,307	352,9	103,1	0,2901	1,850e+004	1,630e+004	-8952	1,224e+004	-1,024e+004	0,06839	103,6	405,8	12,40	7,732e+004	1,956e+004	0,7470	8,928
59	5,233e+004	1,304e+005	373,9	399,9	25,99	27,19	399,9	148,0	-0,5676	61,78	148,5	128,1	1,593	348,8	95,77	0,3426	2,952e+004	1,646e+004	-9137	1,054e+004	-1,035e+004	0,7386	103,8	390,5	26,08	7,424e+004	2,191e+004	0,7048	8,502
60	 	 	 	 	 	 	 	 	 	 	 	 	 	 	 	 	 	 	 	 	 	 	 	 	 	 	 	 	 
61	 	 	 	 	 	 	 	 	 	 	 	 	 	 	 	 	 	 	 	 	 	 	 	 	 	 	 	 	 
62	 	 	 	 	 	 	 	 	 	 	 	 	 	 	 	 	 	 	 	 	 	 	 	 	 	 	 	 	 
63	5,661e+004	1,419e+005	399,8	412,6	12,81	13,30	410,0	150,1	-0,8412	64,43	150,9	122,4	5,458	355,0	100,9	0,3062	1,988e+004	1,626e+004	-9137	1,256e+004	-9822	0,3146	97,98	396,3	12,81	7,639e+004	1,978e+004	0,7410	8,983

	SW (mmHg*킠)	CO (킠/min)	SV (킠)	Vmax (킠)	Vmin (킠)	Ves (킠)	Ved (킠)	Pmax (mmHg)	Pmin (mmHg)	Pmean (mmHg)	Pdev (mmHg)	Pes (mmHg)	Ped (mmHg)	HR (bpm)	EF (%)	Ea (mmHg/킠)	PowMax (mmHg*킠/s)	dP/dt max (mmHg/s)	dP/dt min (mmHg/s)	dV/dt max (킠/s)	dV/dt min (킠/s)	P@dV/dt max (mmHg)	P@dP/dt max (mmHg)	V@dP/dt max (킠)	V@dP/dt min (킠)	PVA (mmHg*킠)	PE (mmHg*킠)	CE	Tau (ms)
Avg	5,750e+004	1,440e+005	410,9	435,6	24,69	28,06	431,7	152,1	-0,9951	65,09	153,1	129,1	4,024	350,4	100,5	0,3146	1,798e+004	1,681e+004	-9431	1,075e+004	-9988	-0,1396	106,1	408,9	25,58	7,909e+004	2,159e+004	0,7269	8,842
Min	5,233e+004	1,304e+005	373,9	399,9	12,40	13,30	399,9	148,0	-2,291	61,78	148,5	121,4	1,593	346,8	95,77	0,2862	1,187e+004	1,626e+004	-9882	8068	-1,043e+004	-1,799	97,98	389,5	12,40	7,424e+004	1,956e+004	0,7013	8,487
Max	6,176e+004	1,552e+005	437,2	461,2	35,05	41,89	461,2	156,0	0,7591	68,41	158,1	135,3	5,813	355,0	103,7	0,3426	3,363e+004	1,732e+004	-8795	1,325e+004	-9094	1,587	114,3	432,7	37,34	8,452e+004	2,315e+004	0,7512	9,253
Count	22	22	22	22	22	22	22	22	22	22	22	22	22	22	22	22	22	22	22	22	22	22	22	22	22	22	22	22	22
