	SW (mmHg*킠)	CO (킠/min)	SV (킠)	Vmax (킠)	Vmin (킠)	Ves (킠)	Ved (킠)	Pmax (mmHg)	Pmin (mmHg)	Pmean (mmHg)	Pdev (mmHg)	Pes (mmHg)	Ped (mmHg)	HR (bpm)	EF (%)	Ea (mmHg/킠)	PowMax (mmHg*킠/s)	dP/dt max (mmHg/s)	dP/dt min (mmHg/s)	dV/dt max (킠/s)	dV/dt min (킠/s)	P@dV/dt max (mmHg)	P@dP/dt max (mmHg)	V@dP/dt max (킠)	V@dP/dt min (킠)	PVA (mmHg*킠)	PE (mmHg*킠)	CE	Tau (ms)
1	4,519e+004	1,396e+005	383,8	538,9	155,1	160,7	432,3	163,6	8,332	87,97	155,3	154,1	11,70	363,6	79,27	0,4015	9,651e+005	1,132e+004	-8441	1,099e+004	-8994	8,715	104,9	484,2	155,3	6,981e+004	2,462e+004	0,6473	14,42
2	 	 	 	 	 	 	 	 	 	 	 	 	 	 	 	 	 	 	 	 	 	 	 	 	 	 	 	 	 
3	 	 	 	 	 	 	 	 	 	 	 	 	 	 	 	 	 	 	 	 	 	 	 	 	 	 	 	 	 
4	3,685e+004	1,116e+005	310,5	425,4	114,9	119,6	339,3	162,7	8,380	84,04	154,3	155,4	9,754	359,3	80,29	0,5005	6,882e+005	1,118e+004	-9378	7060	-7699	8,934	112,3	386,7	115,2	5,555e+004	1,870e+004	0,6634	13,51
5	3,680e+004	1,129e+005	312,2	435,9	123,6	127,8	336,8	162,1	8,332	84,24	153,8	156,7	10,16	361,4	78,45	0,5019	7,320e+005	1,125e+004	-8886	5773	-8654	116,8	105,6	398,0	124,6	5,711e+004	2,032e+004	0,6443	14,07
6	3,463e+004	1,022e+005	284,4	412,4	128,0	131,1	328,9	160,4	5,678	81,77	154,7	155,8	9,980	359,3	72,99	0,5478	4,924e+005	1,126e+004	-8804	5881	-8738	6,334	114,5	389,6	130,9	5,533e+004	2,071e+004	0,6258	13,24
7	3,920e+004	1,125e+005	311,2	411,7	100,5	104,3	337,3	157,4	7,483	79,25	150,0	150,6	7,634	361,4	79,81	0,4840	4,631e+005	1,097e+004	-9159	4500	-8707	7,661	112,9	389,9	100,8	5,473e+004	1,553e+004	0,7162	13,38
8	3,157e+004	9,459e+004	263,3	336,3	73,03	77,90	271,9	154,7	6,847	76,19	147,9	145,4	8,783	359,3	86,48	0,5523	5,398e+005	1,081e+004	-9105	5468	-7895	6,847	107,2	304,5	73,43	4,284e+004	1,127e+004	0,7369	13,11
9	3,023e+004	8,991e+004	247,3	304,4	57,10	59,00	265,7	150,5	6,163	73,37	144,3	140,7	8,297	363,6	87,96	0,5690	3,817e+005	1,053e+004	-9358	6295	-8004	6,259	100,5	281,1	57,19	3,929e+004	9058	0,7694	12,73
10	2,751e+004	8,095e+004	224,0	273,3	49,39	50,47	248,3	144,7	5,192	68,49	139,6	135,7	6,745	361,4	87,26	0,6061	2,805e+005	1,014e+004	-9501	5587	-7286	5,363	96,40	256,7	49,65	3,530e+004	7790	0,7793	12,14
11	2,428e+004	7,224e+004	201,1	231,8	30,75	31,89	218,1	140,0	5,000	64,44	135,0	128,5	6,751	359,3	91,95	0,6391	2,428e+005	9631	-9392	5333	-6570	5,007	100,7	218,7	30,78	2,965e+004	5368	0,8189	12,07
12	2,045e+004	6,153e+004	170,2	195,7	25,43	26,47	195,6	134,8	4,474	60,64	130,3	127,6	6,471	361,4	91,53	0,7496	1,009e+005	9002	-9207	4417	-5868	4,487	96,40	186,0	25,51	2,497e+004	4518	0,8190	12,01
13	1,818e+004	5,438e+004	150,5	170,6	20,09	20,92	167,9	130,1	3,824	56,87	126,3	117,5	5,951	361,4	90,18	0,7812	2,562e+004	8366	-8619	4052	-5900	3,988	90,73	166,8	20,18	2,204e+004	3865	0,8247	11,94
14	1,655e+004	5,300e+004	145,7	159,3	13,56	14,25	153,6	125,5	3,365	53,76	122,2	107,5	5,363	363,6	97,36	0,7375	2,019e+004	7764	-7750	3706	-5449	3,625	84,33	149,7	13,56	1,965e+004	3095	0,8425	11,97
15	1,416e+004	4,829e+004	133,6	143,7	10,06	10,44	138,5	120,8	3,099	50,29	117,7	104,0	4,768	361,4	104,0	0,7781	1,725e+004	7135	-7367	3148	-4645	3,407	86,44	128,5	10,22	1,685e+004	2690	0,8404	12,02
16	1,206e+004	2,840e+004	155,7	162,1	6,431	7,252	122,2	116,6	2,634	27,53	114,0	99,51	4,549	182,4	139,2	0,6391	6736	6751	-6649	1958	-3966	2,962	82,72	111,8	7,037	1,450e+004	2441	0,8316	12,58
17	 	 	 	 	 	 	 	 	 	 	 	 	 	 	 	 	 	 	 	 	 	 	 	 	 	 	 	 	 
18	6017	3,215e+004	88,94	98,70	9,762	10,07	97,63	101,8	2,900	40,19	98,89	84,73	3,557	361,4	133,5	0,9526	1,855e+004	4515	-5069	2849	-2684	3,352	62,15	66,65	9,911	8749	2732	0,6878	13,09
19	9518	3,795e+004	105,0	105,1	0,08465	0,1136	99,12	105,1	2,278	43,00	102,8	80,29	4,371	361,4	118,5	0,7647	7461	6485	-5575	2805	-3161	2,627	76,48	88,58	0,1162	1,125e+004	1736	0,8457	11,87
20	6928	3,359e+004	92,38	92,72	0,3418	0,3418	90,85	100,3	2,264	40,05	98,04	77,43	3,837	363,6	145,7	0,8382	6345	5000	-5288	2351	-2516	2,613	70,27	63,40	0,4514	8737	1809	0,7930	12,01
21	7548	3,438e+004	95,12	95,18	0,05593	0,06141	93,15	100,2	2,032	40,09	98,13	71,80	3,639	361,4	137,9	0,7549	6995	5507	-5165	2672	-2726	2,606	74,85	68,97	0,05650	9266	1718	0,8146	11,84
22	6473	3,280e+004	90,19	90,27	0,07634	0,07634	90,27	96,61	2,073	38,51	94,53	71,15	3,680	363,6	142,5	0,7889	6634	4761	-4891	2604	-2225	2,531	63,68	63,28	0,08182	8198	1725	0,7896	11,91
23	6402	3,215e+004	88,42	88,50	0,08333	0,09504	88,50	95,57	1,943	38,22	93,62	76,43	3,407	363,6	142,9	0,8644	5863	4939	-4768	2485	-2300	2,360	67,49	61,88	0,08975	8115	1714	0,7888	11,77
24	5619	2,989e+004	82,70	82,81	0,1115	0,1170	81,91	92,28	2,052	36,55	90,23	74,63	3,174	361,4	149,5	0,9024	5109	4419	-4583	2168	-2252	2,346	63,75	55,33	0,1217	7358	1739	0,7637	11,89
25	5261	2,839e+004	78,55	78,64	0,09656	0,1534	77,97	91,23	1,943	36,22	89,29	76,51	3,427	361,4	150,3	0,9741	4672	4508	-4398	2057	-2050	2,271	64,50	52,26	0,1277	6982	1722	0,7534	11,82
26	4655	3,257e+004	89,57	89,65	0,08257	0,09542	70,73	87,51	0,2941	33,97	87,22	72,69	3,140	363,6	192,5	0,8115	1625	4118	-4289	2552	-1830	0,4651	61,11	46,53	0,08597	6233	1578	0,7469	11,01
27	 	 	 	 	 	 	 	 	 	 	 	 	 	 	 	 	 	 	 	 	 	 	 	 	 	 	 	 	 
28	 	 	 	 	 	 	 	 	 	 	 	 	 	 	 	 	 	 	 	 	 	 	 	 	 	 	 	 	 
29	 	 	 	 	 	 	 	 	 	 	 	 	 	 	 	 	 	 	 	 	 	 	 	 	 	 	 	 	 
30	 	 	 	 	 	 	 	 	 	 	 	 	 	 	 	 	 	 	 	 	 	 	 	 	 	 	 	 	 
31	 	 	 	 	 	 	 	 	 	 	 	 	 	 	 	 	 	 	 	 	 	 	 	 	 	 	 	 	 
32	 	 	 	 	 	 	 	 	 	 	 	 	 	 	 	 	 	 	 	 	 	 	 	 	 	 	 	 	 
33	 	 	 	 	 	 	 	 	 	 	 	 	 	 	 	 	 	 	 	 	 	 	 	 	 	 	 	 	 
34	 	 	 	 	 	 	 	 	 	 	 	 	 	 	 	 	 	 	 	 	 	 	 	 	 	 	 	 	 
35	 	 	 	 	 	 	 	 	 	 	 	 	 	 	 	 	 	 	 	 	 	 	 	 	 	 	 	 	 

	SW (mmHg*킠)	CO (킠/min)	SV (킠)	Vmax (킠)	Vmin (킠)	Ves (킠)	Ved (킠)	Pmax (mmHg)	Pmin (mmHg)	Pmean (mmHg)	Pdev (mmHg)	Pes (mmHg)	Ped (mmHg)	HR (bpm)	EF (%)	Ea (mmHg/킠)	PowMax (mmHg*킠/s)	dP/dt max (mmHg/s)	dP/dt min (mmHg/s)	dV/dt max (킠/s)	dV/dt min (킠/s)	P@dV/dt max (mmHg)	P@dP/dt max (mmHg)	V@dP/dt max (킠)	V@dP/dt min (킠)	PVA (mmHg*킠)	PE (mmHg*킠)	CE	Tau (ms)
Avg	1,939e+004	6,330e+004	178,4	218,4	39,94	41,45	189,0	125,9	4,199	56,33	121,7	111,5	6,050	354,0	112,2	0,7017	2,182e+005	7841	-7202	4205	-5222	9,198	86,95	192,1	40,23	2,663e+004	7237	0,7627	12,45
Min	4655	2,839e+004	78,55	78,64	0,05593	0,06141	70,73	87,51	0,2941	27,53	87,22	71,15	3,140	182,4	72,99	0,4015	1625	4118	-9501	1958	-8994	0,4651	61,11	46,53	0,05650	6233	1578	0,6258	11,01
Max	4,519e+004	1,396e+005	383,8	538,9	155,1	160,7	432,3	163,6	8,380	87,97	155,3	156,7	11,70	363,6	192,5	0,9741	9,651e+005	1,132e+004	-4289	1,099e+004	-1830	116,8	114,5	484,2	155,3	6,981e+004	2,462e+004	0,8457	14,42
Count	23	23	23	23	23	23	23	23	23	23	23	23	23	23	23	23	23	23	23	23	23	23	23	23	23	23	23	23	23
